0.00000e+00 -5.03525e-05 -9.06027e-07 -1.69880e-06 5.31398e-05
2.60425e-02 -5.03253e-05 -9.05525e-07 -1.69786e-06 5.31114e-05
5.20849e-02 -5.02442e-05 -9.04053e-07 -1.69510e-06 5.30261e-05
7.81274e-02 -5.01093e-05 -9.01620e-07 -1.69054e-06 5.28839e-05
1.04170e-01 -4.99207e-05 -8.98224e-07 -1.68417e-06 5.26852e-05
1.30212e-01 -4.96789e-05 -8.93865e-07 -1.67600e-06 5.24300e-05
1.56255e-01 -4.93837e-05 -8.88549e-07 -1.66603e-06 5.21187e-05
1.82297e-01 -4.90358e-05 -8.82284e-07 -1.65428e-06 5.17516e-05
2.08340e-01 -4.86353e-05 -8.75074e-07 -1.64076e-06 5.13290e-05
2.34382e-01 -4.81828e-05 -8.66928e-07 -1.62549e-06 5.08515e-05
2.60424e-01 -4.76787e-05 -8.57854e-07 -1.60848e-06 5.03196e-05
2.86467e-01 -4.71235e-05 -8.47862e-07 -1.58974e-06 4.97337e-05
3.12509e-01 -4.65178e-05 -8.36962e-07 -1.56930e-06 4.90946e-05
3.38552e-01 -4.58624e-05 -8.25167e-07 -1.54719e-06 4.84029e-05
3.64594e-01 -4.51579e-05 -8.12487e-07 -1.52341e-06 4.76594e-05
3.90636e-01 -4.44049e-05 -7.98939e-07 -1.49801e-06 4.68648e-05
4.16679e-01 -4.36045e-05 -7.84534e-07 -1.47100e-06 4.60201e-05
4.42721e-01 -4.27574e-05 -7.69292e-07 -1.44242e-06 4.51260e-05
4.68763e-01 -4.18645e-05 -7.53227e-07 -1.41230e-06 4.41837e-05
4.94806e-01 -4.09268e-05 -7.36355e-07 -1.38066e-06 4.31940e-05
5.20848e-01 -3.99452e-05 -7.18694e-07 -1.34755e-06 4.21581e-05
5.46890e-01 -3.89209e-05 -7.00264e-07 -1.31299e-06 4.10770e-05
5.72933e-01 -3.78549e-05 -6.81084e-07 -1.27703e-06 3.99520e-05
5.98975e-01 -3.67484e-05 -6.61174e-07 -1.23970e-06 3.87841e-05
6.25017e-01 -3.56025e-05 -6.40556e-07 -1.20104e-06 3.75747e-05
6.51059e-01 -3.44185e-05 -6.19252e-07 -1.16110e-06 3.63251e-05
6.77102e-01 -3.31976e-05 -5.97285e-07 -1.11991e-06 3.50366e-05
7.03144e-01 -3.19412e-05 -5.74678e-07 -1.07752e-06 3.37106e-05
7.29186e-01 -3.06506e-05 -5.51456e-07 -1.03398e-06 3.23485e-05
7.55228e-01 -2.93271e-05 -5.27643e-07 -9.89330e-07 3.09517e-05
7.81270e-01 -2.79723e-05 -5.03265e-07 -9.43622e-07 2.95218e-05
8.07312e-01 -2.65875e-05 -4.78348e-07 -8.96903e-07 2.80603e-05
8.33354e-01 -2.51742e-05 -4.52919e-07 -8.49223e-07 2.65687e-05
8.59396e-01 -2.37340e-05 -4.27006e-07 -8.00635e-07 2.50487e-05
8.85438e-01 -2.22683e-05 -4.00635e-07 -7.51190e-07 2.35019e-05
9.11480e-01 -2.07788e-05 -3.73835e-07 -7.00941e-07 2.19299e-05
9.37522e-01 -1.92671e-05 -3.46635e-07 -6.49940e-07 2.03344e-05
9.63564e-01 -1.77348e-05 -3.19064e-07 -5.98244e-07 1.87171e-05
9.89606e-01 -1.61834e-05 -2.91151e-07 -5.45908e-07 1.70798e-05
1.01565e+00 -1.46147e-05 -2.62926e-07 -4.92986e-07 1.54242e-05
1.04169e+00 -1.30304e-05 -2.34420e-07 -4.39537e-07 1.37521e-05
1.06773e+00 -1.14321e-05 -2.05662e-07 -3.85617e-07 1.20653e-05
1.09377e+00 -9.82158e-06 -1.76685e-07 -3.31284e-07 1.03655e-05
1.11982e+00 -8.20054e-06 -1.47518e-07 -2.76596e-07 8.65469e-06
1.14586e+00 -6.57072e-06 -1.18193e-07 -2.21612e-07 6.93458e-06
1.17190e+00 -4.93386e-06 -8.87416e-08 -1.66391e-07 5.20704e-06
1.19794e+00 -3.29172e-06 -5.91952e-08 -1.10991e-07 3.47393e-06
1.22398e+00 -1.64605e-06 -2.95855e-08 -5.54728e-08 1.73710e-06
1.25002e+00 1.37596e-09 5.59477e-11 1.04902e-10 -1.59161e-09
1.27607e+00 1.64879e-06 2.96964e-08 5.56808e-08 -1.74028e-06
1.30211e+00 3.29444e-06 5.93052e-08 1.11197e-07 -3.47710e-06
1.32815e+00 4.93656e-06 8.88504e-08 1.66594e-07 -5.21019e-06
1.35419e+00 6.57340e-06 1.18300e-07 2.21813e-07 -6.93771e-06
1.38023e+00 8.20319e-06 1.47624e-07 2.76794e-07 -8.65779e-06
1.40627e+00 9.82420e-06 1.76789e-07 3.31479e-07 -1.03686e-05
1.43232e+00 1.14347e-05 2.05764e-07 3.85808e-07 -1.20683e-05
1.45836e+00 1.30329e-05 2.34520e-07 4.39725e-07 -1.37551e-05
1.48440e+00 1.46172e-05 2.63024e-07 4.93170e-07 -1.54271e-05
1.51044e+00 1.61858e-05 2.91247e-07 5.46088e-07 -1.70827e-05
1.53648e+00 1.77371e-05 3.19157e-07 5.98420e-07 -1.87199e-05
1.56252e+00 1.92694e-05 3.46726e-07 6.50112e-07 -2.03371e-05
1.58856e+00 2.07811e-05 3.73924e-07 7.01107e-07 -2.19325e-05
1.61461e+00 2.22705e-05 4.00721e-07 7.51352e-07 -2.35044e-05
1.64065e+00 2.37361e-05 4.27089e-07 8.00792e-07 -2.50512e-05
1.66669e+00 2.51762e-05 4.52999e-07 8.49374e-07 -2.65711e-05
1.69273e+00 2.65894e-05 4.78425e-07 8.97047e-07 -2.80626e-05
1.71877e+00 2.79742e-05 5.03339e-07 9.43760e-07 -2.95240e-05
1.74481e+00 2.93289e-05 5.27713e-07 9.89462e-07 -3.09538e-05
1.77085e+00 3.06523e-05 5.51522e-07 1.03410e-06 -3.23505e-05
1.79689e+00 3.19428e-05 5.74741e-07 1.07764e-06 -3.37125e-05
1.82293e+00 3.31992e-05 5.97344e-07 1.12002e-06 -3.50384e-05
1.84898e+00 3.44199e-05 6.19308e-07 1.16120e-06 -3.63268e-05
1.87502e+00 3.56039e-05 6.40608e-07 1.20114e-06 -3.75763e-05
1.90106e+00 3.67497e-05 6.61223e-07 1.23979e-06 -3.87856e-05
1.92710e+00 3.78561e-05 6.81129e-07 1.27712e-06 -3.99533e-05
1.95314e+00 3.89220e-05 7.00306e-07 1.31307e-06 -4.10783e-05
1.97918e+00 3.99463e-05 7.18733e-07 1.34762e-06 -4.21593e-05
2.00522e+00 4.09277e-05 7.36390e-07 1.38073e-06 -4.31951e-05
2.03126e+00 4.18654e-05 7.53259e-07 1.41236e-06 -4.41847e-05
2.05730e+00 4.27582e-05 7.69322e-07 1.44248e-06 -4.51269e-05
2.08335e+00 4.36052e-05 7.84560e-07 1.47105e-06 -4.60209e-05
2.10939e+00 4.44056e-05 7.98958e-07 1.49805e-06 -4.68655e-05
2.13543e+00 4.51584e-05 8.12500e-07 1.52344e-06 -4.76600e-05
2.16147e+00 4.58628e-05 8.25173e-07 1.54720e-06 -4.84034e-05
2.18751e+00 4.65182e-05 8.36961e-07 1.56930e-06 -4.90950e-05
2.21355e+00 4.71237e-05 8.47854e-07 1.58973e-06 -4.97341e-05
2.23959e+00 4.76788e-05 8.57839e-07 1.60845e-06 -5.03199e-05
2.26563e+00 4.81828e-05 8.66905e-07 1.62545e-06 -5.08518e-05
2.29167e+00 4.86353e-05 8.75043e-07 1.64071e-06 -5.13293e-05
2.31771e+00 4.90357e-05 8.82246e-07 1.65421e-06 -5.17518e-05
2.34375e+00 4.93836e-05 8.88504e-07 1.66595e-06 -5.21188e-05
2.36980e+00 4.96787e-05 8.93813e-07 1.67590e-06 -5.24301e-05
2.39584e+00 4.99206e-05 8.98164e-07 1.68406e-06 -5.26853e-05
2.42188e+00 5.01091e-05 9.01552e-07 1.69041e-06 -5.28840e-05
2.44792e+00 5.02440e-05 9.03978e-07 1.69496e-06 -5.30261e-05
2.47396e+00 5.03251e-05 9.05442e-07 1.69770e-06 -5.31114e-05
2.50000e+00 5.03523e-05 9.05937e-07 1.69863e-06 -5.31398e-05
