0.00000e+00 -9.75891e-05 2.17000e-07 4.06876e-07 9.69872e-05
2.60432e-02 -9.75367e-05 2.16884e-07 4.06658e-07 9.69353e-05
5.20864e-02 -9.73799e-05 2.16533e-07 4.05998e-07 9.67795e-05
7.81296e-02 -9.71190e-05 2.15950e-07 4.04905e-07 9.65202e-05
1.04173e-01 -9.67541e-05 2.15141e-07 4.03389e-07 9.61574e-05
1.30216e-01 -9.62854e-05 2.14099e-07 4.01435e-07 9.56917e-05
1.56259e-01 -9.57137e-05 2.12825e-07 3.99048e-07 9.51234e-05
1.82302e-01 -9.50395e-05 2.11326e-07 3.96235e-07 9.44533e-05
2.08346e-01 -9.42634e-05 2.09599e-07 3.92999e-07 9.36821e-05
2.34389e-01 -9.33865e-05 2.07649e-07 3.89343e-07 9.28105e-05
2.60432e-01 -9.24095e-05 2.05477e-07 3.85269e-07 9.18395e-05
2.86475e-01 -9.13335e-05 2.03084e-07 3.80783e-07 9.07702e-05
3.12518e-01 -9.01598e-05 2.00474e-07 3.75888e-07 8.96037e-05
3.38561e-01 -8.88895e-05 1.97649e-07 3.70591e-07 8.83412e-05
3.64604e-01 -8.75239e-05 1.94612e-07 3.64898e-07 8.69841e-05
3.90647e-01 -8.60647e-05 1.91367e-07 3.58813e-07 8.55338e-05
4.16690e-01 -8.45133e-05 1.87917e-07 3.52344e-07 8.39920e-05
4.42733e-01 -8.28714e-05 1.84266e-07 3.45498e-07 8.23602e-05
4.68776e-01 -8.11407e-05 1.80417e-07 3.38282e-07 8.06402e-05
4.94819e-01 -7.93231e-05 1.76375e-07 3.30704e-07 7.88338e-05
5.20862e-01 -7.74206e-05 1.72145e-07 3.22771e-07 7.69430e-05
5.46905e-01 -7.54352e-05 1.67730e-07 3.14493e-07 7.49698e-05
5.72948e-01 -7.33690e-05 1.63135e-07 3.05879e-07 7.29164e-05
5.98990e-01 -7.12242e-05 1.58366e-07 2.96936e-07 7.07848e-05
6.25033e-01 -6.90032e-05 1.53427e-07 2.87676e-07 6.85775e-05
6.51076e-01 -6.67082e-05 1.48324e-07 2.78107e-07 6.62967e-05
6.77119e-01 -6.43419e-05 1.43062e-07 2.68241e-07 6.39449e-05
7.03161e-01 -6.19066e-05 1.37647e-07 2.58087e-07 6.15246e-05
7.29204e-01 -5.94050e-05 1.32084e-07 2.47657e-07 5.90385e-05
7.55247e-01 -5.68399e-05 1.26380e-07 2.36962e-07 5.64891e-05
7.81289e-01 -5.42138e-05 1.20540e-07 2.26013e-07 5.38792e-05
8.07332e-01 -5.15297e-05 1.14572e-07 2.14822e-07 5.12117e-05
8.33374e-01 -4.87905e-05 1.08481e-07 2.03401e-07 4.84893e-05
8.59416e-01 -4.59990e-05 1.02273e-07 1.91762e-07 4.57150e-05
8.85459e-01 -4.31582e-05 9.59562e-08 1.79918e-07 4.28917e-05
9.11501e-01 -4.02712e-05 8.95365e-08 1.67881e-07 4.00225e-05
9.37543e-01 -3.73411e-05 8.30209e-08 1.55664e-07 3.71105e-05
9.63586e-01 -3.43710e-05 7.64165e-08 1.43281e-07 3.41587e-05
9.89628e-01 -3.13642e-05 6.97301e-08 1.30744e-07 3.11704e-05
1.01567e+00 -2.83237e-05 6.29692e-08 1.18067e-07 2.81486e-05
1.04171e+00 -2.52529e-05 5.61408e-08 1.05264e-07 2.50968e-05
1.06775e+00 -2.21551e-05 4.92522e-08 9.23479e-08 2.20180e-05
1.09380e+00 -1.90336e-05 4.23110e-08 7.93331e-08 1.89157e-05
1.11984e+00 -1.58916e-05 3.53244e-08 6.62332e-08 1.57932e-05
1.14588e+00 -1.27327e-05 2.83000e-08 5.30625e-08 1.26537e-05
1.17192e+00 -9.56016e-06 2.12453e-08 3.98350e-08 9.50072e-06
1.19796e+00 -6.37738e-06 1.41679e-08 2.65648e-08 6.33755e-06
1.22401e+00 -3.18778e-06 7.07534e-09 1.32663e-08 3.16759e-06
1.25005e+00 5.23109e-09 -2.48310e-11 -4.65580e-11 -5.74628e-09
1.27609e+00 3.19823e-06 -7.12482e-09 -1.33590e-08 -3.17907e-06
1.30213e+00 6.38780e-06 -1.42172e-08 -2.66573e-08 -6.34899e-06
1.32817e+00 9.57052e-06 -2.12943e-08 -3.99269e-08 -9.51210e-06
1.35421e+00 1.27430e-05 -2.83487e-08 -5.31538e-08 -1.26650e-05
1.38025e+00 1.59018e-05 -3.53726e-08 -6.63237e-08 -1.58044e-05
1.40630e+00 1.90436e-05 -4.23587e-08 -7.94226e-08 -1.89268e-05
1.43234e+00 2.21650e-05 -4.92994e-08 -9.24364e-08 -2.20289e-05
1.45838e+00 2.52626e-05 -5.61874e-08 -1.05351e-07 -2.51075e-05
1.48442e+00 2.83332e-05 -6.30151e-08 -1.18153e-07 -2.81592e-05
1.51046e+00 3.13734e-05 -6.97753e-08 -1.30829e-07 -3.11807e-05
1.53650e+00 3.43801e-05 -7.64609e-08 -1.43364e-07 -3.41688e-05
1.56254e+00 3.73499e-05 -8.30645e-08 -1.55746e-07 -3.71203e-05
1.58858e+00 4.02797e-05 -8.95792e-08 -1.67961e-07 -4.00321e-05
1.61463e+00 4.31664e-05 -9.59980e-08 -1.79996e-07 -4.29010e-05
1.64067e+00 4.60068e-05 -1.02314e-07 -1.91839e-07 -4.57239e-05
1.66671e+00 4.87980e-05 -1.08520e-07 -2.03476e-07 -4.84979e-05
1.69275e+00 5.15369e-05 -1.14610e-07 -2.14895e-07 -5.12200e-05
1.71879e+00 5.42207e-05 -1.20578e-07 -2.26083e-07 -5.38872e-05
1.74483e+00 5.68464e-05 -1.26416e-07 -2.37030e-07 -5.64967e-05
1.77087e+00 5.94112e-05 -1.32119e-07 -2.47723e-07 -5.90457e-05
1.79691e+00 6.19124e-05 -1.37680e-07 -2.58151e-07 -6.15315e-05
1.82295e+00 6.43472e-05 -1.43095e-07 -2.68302e-07 -6.39514e-05
1.84899e+00 6.67132e-05 -1.48355e-07 -2.78166e-07 -6.63028e-05
1.87503e+00 6.90078e-05 -1.53457e-07 -2.87732e-07 -6.85832e-05
1.90107e+00 7.12284e-05 -1.58395e-07 -2.96990e-07 -7.07902e-05
1.92711e+00 7.33728e-05 -1.63163e-07 -3.05930e-07 -7.29214e-05
1.95315e+00 7.54387e-05 -1.67756e-07 -3.14543e-07 -7.49745e-05
1.97920e+00 7.74237e-05 -1.72170e-07 -3.22818e-07 -7.69473e-05
2.00524e+00 7.93258e-05 -1.76399e-07 -3.30748e-07 -7.88377e-05
2.03128e+00 8.11431e-05 -1.80440e-07 -3.38324e-07 -8.06437e-05
2.05732e+00 8.28734e-05 -1.84287e-07 -3.45538e-07 -8.23634e-05
2.08336e+00 8.45150e-05 -1.87937e-07 -3.52381e-07 -8.39948e-05
2.10940e+00 8.60661e-05 -1.91385e-07 -3.58847e-07 -8.55364e-05
2.13544e+00 8.75250e-05 -1.94629e-07 -3.64929e-07 -8.69863e-05
2.16148e+00 8.88902e-05 -1.97664e-07 -3.70620e-07 -8.83431e-05
2.18752e+00 9.01603e-05 -2.00487e-07 -3.75913e-07 -8.96054e-05
2.21356e+00 9.13338e-05 -2.03096e-07 -3.80805e-07 -9.07716e-05
2.23960e+00 9.24095e-05 -2.05487e-07 -3.85288e-07 -9.18407e-05
2.26564e+00 9.33863e-05 -2.07658e-07 -3.89359e-07 -9.28115e-05
2.29168e+00 9.42631e-05 -2.09607e-07 -3.93013e-07 -9.36829e-05
2.31772e+00 9.50389e-05 -2.11331e-07 -3.96246e-07 -9.44539e-05
2.34376e+00 9.57130e-05 -2.12829e-07 -3.99055e-07 -9.51239e-05
2.36980e+00 9.62846e-05 -2.14101e-07 -4.01440e-07 -9.56920e-05
2.39584e+00 9.67532e-05 -2.15142e-07 -4.03392e-07 -9.61576e-05
2.42188e+00 9.71181e-05 -2.15949e-07 -4.04905e-07 -9.65203e-05
2.44792e+00 9.73789e-05 -2.16531e-07 -4.05995e-07 -9.67796e-05
2.47396e+00 9.75357e-05 -2.16881e-07 -4.06651e-07 -9.69353e-05
2.50000e+00 9.75880e-05 -2.16995e-07 -4.06866e-07 -9.69872e-05
