0.00000e+00 -5.97228e-05 8.28841e-07 3.10816e-06 5.40241e-05
2.60426e-02 -5.96906e-05 8.28402e-07 3.10651e-06 5.39952e-05
5.20852e-02 -5.95946e-05 8.27077e-07 3.10154e-06 5.39085e-05
7.81278e-02 -5.94352e-05 8.24851e-07 3.09319e-06 5.37640e-05
1.04170e-01 -5.92118e-05 8.21741e-07 3.08153e-06 5.35619e-05
1.30213e-01 -5.89248e-05 8.17766e-07 3.06662e-06 5.33025e-05
1.56256e-01 -5.85751e-05 8.12915e-07 3.04843e-06 5.29860e-05
1.82298e-01 -5.81625e-05 8.07191e-07 3.02697e-06 5.26128e-05
2.08341e-01 -5.76876e-05 8.00602e-07 3.00226e-06 5.21832e-05
2.34383e-01 -5.71509e-05 7.93154e-07 2.97433e-06 5.16977e-05
2.60426e-01 -5.65530e-05 7.84857e-07 2.94321e-06 5.11569e-05
2.86468e-01 -5.58946e-05 7.75719e-07 2.90894e-06 5.05613e-05
3.12511e-01 -5.51763e-05 7.65750e-07 2.87156e-06 4.99115e-05
3.38554e-01 -5.43990e-05 7.54960e-07 2.83110e-06 4.92083e-05
3.64596e-01 -5.35634e-05 7.43362e-07 2.78761e-06 4.84524e-05
3.90639e-01 -5.26704e-05 7.30968e-07 2.74113e-06 4.76446e-05
4.16681e-01 -5.17210e-05 7.17791e-07 2.69172e-06 4.67858e-05
4.42724e-01 -5.07162e-05 7.03846e-07 2.63942e-06 4.58769e-05
4.68766e-01 -4.96571e-05 6.89146e-07 2.58430e-06 4.49188e-05
4.94808e-01 -4.85447e-05 6.73709e-07 2.52641e-06 4.39127e-05
5.20851e-01 -4.73805e-05 6.57550e-07 2.46581e-06 4.28595e-05
5.46893e-01 -4.61654e-05 6.40687e-07 2.40258e-06 4.17604e-05
5.72936e-01 -4.49010e-05 6.23137e-07 2.33677e-06 4.06166e-05
5.98978e-01 -4.35885e-05 6.04921e-07 2.26845e-06 3.94294e-05
6.25020e-01 -4.22293e-05 5.86056e-07 2.19771e-06 3.81998e-05
6.51063e-01 -4.08249e-05 5.66565e-07 2.12462e-06 3.69294e-05
6.77105e-01 -3.93767e-05 5.46466e-07 2.04925e-06 3.56195e-05
7.03147e-01 -3.78864e-05 5.25782e-07 1.97168e-06 3.42714e-05
7.29190e-01 -3.63556e-05 5.04535e-07 1.89201e-06 3.28866e-05
7.55232e-01 -3.47858e-05 4.82748e-07 1.81030e-06 3.14665e-05
7.81274e-01 -3.31788e-05 4.60444e-07 1.72666e-06 3.00128e-05
8.07316e-01 -3.15362e-05 4.37646e-07 1.64117e-06 2.85270e-05
8.33358e-01 -2.98599e-05 4.14380e-07 1.55393e-06 2.70106e-05
8.59400e-01 -2.81516e-05 3.90671e-07 1.46501e-06 2.54653e-05
8.85442e-01 -2.64131e-05 3.66543e-07 1.37453e-06 2.38927e-05
9.11485e-01 -2.46464e-05 3.42022e-07 1.28258e-06 2.22945e-05
9.37527e-01 -2.28532e-05 3.17135e-07 1.18926e-06 2.06725e-05
9.63569e-01 -2.10357e-05 2.91909e-07 1.09466e-06 1.90283e-05
9.89611e-01 -1.91955e-05 2.66370e-07 9.98887e-07 1.73637e-05
1.01565e+00 -1.73349e-05 2.40546e-07 9.02047e-07 1.56806e-05
1.04169e+00 -1.54557e-05 2.14464e-07 8.04240e-07 1.39806e-05
1.06774e+00 -1.35599e-05 1.88153e-07 7.05573e-07 1.22657e-05
1.09378e+00 -1.16496e-05 1.61640e-07 6.06150e-07 1.05377e-05
1.11982e+00 -9.72687e-06 1.34954e-07 5.06079e-07 8.79836e-06
1.14586e+00 -7.79371e-06 1.08124e-07 4.05466e-07 7.04962e-06
1.17190e+00 -5.85221e-06 8.11783e-08 3.04419e-07 5.29333e-06
1.19795e+00 -3.90445e-06 5.41455e-08 2.03045e-07 3.53137e-06
1.22399e+00 -1.95251e-06 2.70547e-08 1.01455e-07 1.76564e-06
1.25003e+00 1.51531e-09 -6.49742e-11 -2.43653e-10 -1.98169e-09
1.27607e+00 1.95554e-06 -2.71846e-08 -1.01942e-07 -1.76960e-06
1.30211e+00 3.90747e-06 -5.42751e-08 -2.03532e-07 -3.53532e-06
1.32815e+00 5.85520e-06 -8.13074e-08 -3.04903e-07 -5.29725e-06
1.35420e+00 7.79667e-06 -1.08253e-07 -4.05947e-07 -7.05351e-06
1.38024e+00 9.72977e-06 -1.35082e-07 -5.06557e-07 -8.80222e-06
1.40628e+00 1.16525e-05 -1.61766e-07 -6.06624e-07 -1.05415e-05
1.43232e+00 1.35627e-05 -1.88278e-07 -7.06041e-07 -1.22695e-05
1.45836e+00 1.54583e-05 -2.14587e-07 -8.04701e-07 -1.39843e-05
1.48440e+00 1.73375e-05 -2.40667e-07 -9.02500e-07 -1.56842e-05
1.51044e+00 1.91980e-05 -2.66489e-07 -9.99332e-07 -1.73673e-05
1.53649e+00 2.10380e-05 -2.92025e-07 -1.09509e-06 -1.90317e-05
1.56253e+00 2.28555e-05 -3.17249e-07 -1.18968e-06 -2.06758e-05
1.58857e+00 2.46484e-05 -3.42133e-07 -1.28300e-06 -2.22978e-05
1.61461e+00 2.64150e-05 -3.66650e-07 -1.37494e-06 -2.38959e-05
1.64065e+00 2.81533e-05 -3.90775e-07 -1.46541e-06 -2.54683e-05
1.66669e+00 2.98614e-05 -4.14482e-07 -1.55431e-06 -2.70136e-05
1.69273e+00 3.15376e-05 -4.37744e-07 -1.64154e-06 -2.85298e-05
1.71877e+00 3.31800e-05 -4.60539e-07 -1.72702e-06 -3.00156e-05
1.74482e+00 3.47868e-05 -4.82840e-07 -1.81065e-06 -3.14692e-05
1.77086e+00 3.63565e-05 -5.04624e-07 -1.89234e-06 -3.28891e-05
1.79690e+00 3.78871e-05 -5.25868e-07 -1.97200e-06 -3.42737e-05
1.82294e+00 3.93772e-05 -5.46548e-07 -2.04956e-06 -3.56217e-05
1.84898e+00 4.08252e-05 -5.66644e-07 -2.12491e-06 -3.69315e-05
1.87502e+00 4.22294e-05 -5.86132e-07 -2.19800e-06 -3.82018e-05
1.90106e+00 4.35884e-05 -6.04993e-07 -2.26872e-06 -3.94312e-05
1.92710e+00 4.49007e-05 -6.23207e-07 -2.33702e-06 -4.06184e-05
1.95314e+00 4.61650e-05 -6.40752e-07 -2.40282e-06 -4.17620e-05
1.97918e+00 4.73798e-05 -6.57612e-07 -2.46605e-06 -4.28610e-05
2.00523e+00 4.85439e-05 -6.73768e-07 -2.52663e-06 -4.39140e-05
2.03127e+00 4.96560e-05 -6.89202e-07 -2.58451e-06 -4.49200e-05
2.05731e+00 5.07149e-05 -7.03899e-07 -2.63962e-06 -4.58780e-05
2.08335e+00 5.17195e-05 -7.17842e-07 -2.69191e-06 -4.67868e-05
2.10939e+00 5.26688e-05 -7.31017e-07 -2.74131e-06 -4.76455e-05
2.13543e+00 5.35616e-05 -7.43409e-07 -2.78779e-06 -4.84532e-05
2.16147e+00 5.43971e-05 -7.55006e-07 -2.83127e-06 -4.92090e-05
2.18751e+00 5.51743e-05 -7.65794e-07 -2.87173e-06 -4.99121e-05
2.21355e+00 5.58925e-05 -7.75762e-07 -2.90911e-06 -5.05618e-05
2.23959e+00 5.65508e-05 -7.84900e-07 -2.94337e-06 -5.11573e-05
2.26563e+00 5.71486e-05 -7.93197e-07 -2.97449e-06 -5.16980e-05
2.29167e+00 5.76852e-05 -8.00644e-07 -3.00242e-06 -5.21834e-05
2.31771e+00 5.81600e-05 -8.07235e-07 -3.02713e-06 -5.26130e-05
2.34376e+00 5.85725e-05 -8.12960e-07 -3.04860e-06 -5.29862e-05
2.36980e+00 5.89222e-05 -8.17812e-07 -3.06680e-06 -5.33026e-05
2.39584e+00 5.92091e-05 -8.21790e-07 -3.08171e-06 -5.35620e-05
2.42188e+00 5.94324e-05 -8.24904e-07 -3.09339e-06 -5.37640e-05
2.44792e+00 5.95918e-05 -8.27135e-07 -3.10175e-06 -5.39085e-05
2.47396e+00 5.96878e-05 -8.28462e-07 -3.10673e-06 -5.39952e-05
2.50000e+00 5.97199e-05 -8.28904e-07 -3.10839e-06 -5.40241e-05
