0.00000e+00 -8.70768e-05 4.58346e-08 3.43759e-06 8.09286e-05
2.60430e-02 -8.70300e-05 4.58052e-08 3.43539e-06 8.08853e-05
5.20861e-02 -8.68903e-05 4.57274e-08 3.42956e-06 8.07553e-05
7.81291e-02 -8.66574e-05 4.56026e-08 3.42019e-06 8.05389e-05
1.04172e-01 -8.63313e-05 4.54280e-08 3.40710e-06 8.02362e-05
1.30215e-01 -8.59133e-05 4.52019e-08 3.39014e-06 7.98476e-05
1.56258e-01 -8.54032e-05 4.49284e-08 3.36963e-06 7.93734e-05
1.82301e-01 -8.48016e-05 4.46068e-08 3.34551e-06 7.88143e-05
2.08344e-01 -8.41091e-05 4.42370e-08 3.31777e-06 7.81708e-05
2.34387e-01 -8.33266e-05 4.38206e-08 3.28654e-06 7.74435e-05
2.60430e-01 -8.24549e-05 4.33572e-08 3.25179e-06 7.66333e-05
2.86473e-01 -8.14948e-05 4.28479e-08 3.21360e-06 7.57411e-05
3.12516e-01 -8.04475e-05 4.22930e-08 3.17197e-06 7.47677e-05
3.38559e-01 -7.93140e-05 4.16937e-08 3.12703e-06 7.37142e-05
3.64602e-01 -7.80956e-05 4.10500e-08 3.07875e-06 7.25818e-05
3.90645e-01 -7.67936e-05 4.03633e-08 3.02725e-06 7.13717e-05
4.16688e-01 -7.54093e-05 3.96332e-08 2.97249e-06 7.00852e-05
4.42731e-01 -7.39442e-05 3.88628e-08 2.91471e-06 6.87236e-05
4.68773e-01 -7.24000e-05 3.80507e-08 2.85380e-06 6.72884e-05
4.94816e-01 -7.07782e-05 3.71986e-08 2.78989e-06 6.57811e-05
5.20859e-01 -6.90807e-05 3.63068e-08 2.72301e-06 6.42034e-05
5.46902e-01 -6.73092e-05 3.53771e-08 2.65328e-06 6.25570e-05
5.72944e-01 -6.54655e-05 3.44097e-08 2.58073e-06 6.08435e-05
5.98987e-01 -6.35518e-05 3.34059e-08 2.50544e-06 5.90649e-05
6.25030e-01 -6.15701e-05 3.23666e-08 2.42750e-06 5.72230e-05
6.51072e-01 -5.95224e-05 3.12934e-08 2.34701e-06 5.53199e-05
6.77115e-01 -5.74109e-05 3.01870e-08 2.26402e-06 5.33575e-05
7.03157e-01 -5.52380e-05 2.90486e-08 2.17864e-06 5.13380e-05
7.29200e-01 -5.30059e-05 2.78793e-08 2.09095e-06 4.92635e-05
7.55242e-01 -5.07171e-05 2.66806e-08 2.00104e-06 4.71363e-05
7.81285e-01 -4.83739e-05 2.54535e-08 1.90901e-06 4.49586e-05
8.07327e-01 -4.59790e-05 2.41994e-08 1.81495e-06 4.27327e-05
8.33370e-01 -4.35348e-05 2.29194e-08 1.71896e-06 4.04611e-05
8.59412e-01 -4.10440e-05 2.16142e-08 1.62107e-06 3.81462e-05
8.85454e-01 -3.85093e-05 2.02860e-08 1.52145e-06 3.57904e-05
9.11497e-01 -3.59333e-05 1.89362e-08 1.42021e-06 3.33963e-05
9.37539e-01 -3.33189e-05 1.75663e-08 1.31747e-06 3.09664e-05
9.63581e-01 -3.06688e-05 1.61779e-08 1.21334e-06 2.85034e-05
9.89623e-01 -2.79858e-05 1.47724e-08 1.10793e-06 2.60098e-05
1.01567e+00 -2.52729e-05 1.33514e-08 1.00136e-06 2.34884e-05
1.04171e+00 -2.25329e-05 1.19163e-08 8.93723e-07 2.09419e-05
1.06775e+00 -1.97688e-05 1.04690e-08 7.85172e-07 1.83729e-05
1.09379e+00 -1.69835e-05 9.01059e-09 6.75794e-07 1.57843e-05
1.11983e+00 -1.41801e-05 7.54272e-09 5.65704e-07 1.31787e-05
1.14587e+00 -1.13615e-05 6.06692e-09 4.55019e-07 1.05591e-05
1.17192e+00 -8.53067e-06 4.58416e-09 3.43812e-07 7.92816e-06
1.19796e+00 -5.69075e-06 3.09659e-09 2.32244e-07 5.28873e-06
1.22400e+00 -2.84475e-06 1.60513e-09 1.20384e-07 2.64364e-06
1.25004e+00 4.29587e-09 1.11916e-10 8.39366e-09 -4.27094e-09
1.27608e+00 2.85333e-06 -1.38434e-09 -1.03826e-07 -2.65218e-06
1.30213e+00 5.69930e-06 -2.87916e-09 -2.15937e-07 -5.29724e-06
1.32817e+00 8.53916e-06 -4.37137e-09 -3.27853e-07 -7.93662e-06
1.35421e+00 1.13699e-05 -5.85884e-09 -4.39413e-07 -1.05675e-05
1.38025e+00 1.41884e-05 -7.34069e-09 -5.50552e-07 -1.31871e-05
1.40629e+00 1.69917e-05 -8.81460e-09 -6.61095e-07 -1.57925e-05
1.43233e+00 1.97768e-05 -1.02793e-08 -7.70944e-07 -1.83810e-05
1.45837e+00 2.25408e-05 -1.17329e-08 -8.79965e-07 -2.09499e-05
1.48442e+00 2.52806e-05 -1.31746e-08 -9.88097e-07 -2.34963e-05
1.51046e+00 2.79933e-05 -1.46023e-08 -1.09517e-06 -2.60175e-05
1.53650e+00 3.06761e-05 -1.60146e-08 -1.20109e-06 -2.85109e-05
1.56254e+00 3.33259e-05 -1.74097e-08 -1.30573e-06 -3.09737e-05
1.58858e+00 3.59402e-05 -1.87870e-08 -1.40903e-06 -3.34034e-05
1.61462e+00 3.85159e-05 -2.01444e-08 -1.51083e-06 -3.57973e-05
1.64066e+00 4.10503e-05 -2.14803e-08 -1.61103e-06 -3.81528e-05
1.66670e+00 4.35408e-05 -2.27935e-08 -1.70952e-06 -4.04675e-05
1.69274e+00 4.59847e-05 -2.40821e-08 -1.80616e-06 -4.27389e-05
1.71878e+00 4.83794e-05 -2.53450e-08 -1.90088e-06 -4.49645e-05
1.74483e+00 5.07222e-05 -2.65810e-08 -1.99358e-06 -4.71419e-05
1.77087e+00 5.30107e-05 -2.77888e-08 -2.08416e-06 -4.92689e-05
1.79691e+00 5.52425e-05 -2.89672e-08 -2.17254e-06 -5.13431e-05
1.82295e+00 5.74151e-05 -3.01147e-08 -2.25861e-06 -5.33624e-05
1.84899e+00 5.95262e-05 -3.12305e-08 -2.34229e-06 -5.53245e-05
1.87503e+00 6.15736e-05 -3.23131e-08 -2.42348e-06 -5.72273e-05
1.90107e+00 6.35550e-05 -3.33623e-08 -2.50218e-06 -5.90689e-05
1.92711e+00 6.54684e-05 -3.43762e-08 -2.57822e-06 -6.08472e-05
1.95315e+00 6.73117e-05 -3.53541e-08 -2.65156e-06 -6.25604e-05
1.97919e+00 6.90829e-05 -3.62946e-08 -2.72209e-06 -6.42066e-05
2.00523e+00 7.07801e-05 -3.71985e-08 -2.78989e-06 -6.57840e-05
2.03127e+00 7.24016e-05 -3.80633e-08 -2.85475e-06 -6.72910e-05
2.05731e+00 7.39455e-05 -3.88897e-08 -2.91673e-06 -6.87260e-05
2.08335e+00 7.54103e-05 -3.96753e-08 -2.97565e-06 -7.00873e-05
2.10939e+00 7.67943e-05 -4.04262e-08 -3.03197e-06 -7.13736e-05
2.13544e+00 7.80960e-05 -4.11347e-08 -3.08510e-06 -7.25835e-05
2.16148e+00 7.93142e-05 -4.18016e-08 -3.13512e-06 -7.37157e-05
2.18752e+00 8.04474e-05 -4.24246e-08 -3.18184e-06 -7.47689e-05
2.21356e+00 8.14945e-05 -4.30058e-08 -3.22543e-06 -7.57421e-05
2.23960e+00 8.24543e-05 -4.35419e-08 -3.26564e-06 -7.66342e-05
2.26564e+00 8.33259e-05 -4.40336e-08 -3.30252e-06 -7.74442e-05
2.29168e+00 8.41082e-05 -4.44791e-08 -3.33593e-06 -7.81713e-05
2.31772e+00 8.48005e-05 -4.48812e-08 -3.36609e-06 -7.88147e-05
2.34376e+00 8.54020e-05 -4.52357e-08 -3.39268e-06 -7.93738e-05
2.36980e+00 8.59120e-05 -4.55428e-08 -3.41571e-06 -7.98478e-05
2.39584e+00 8.63300e-05 -4.58024e-08 -3.43518e-06 -8.02363e-05
2.42188e+00 8.66559e-05 -4.60103e-08 -3.45077e-06 -8.05390e-05
2.44792e+00 8.68889e-05 -4.61672e-08 -3.46254e-06 -8.07554e-05
2.47396e+00 8.70286e-05 -4.62685e-08 -3.47014e-06 -8.08853e-05
2.50000e+00 8.70753e-05 -4.63170e-08 -3.47377e-06 -8.09286e-05
