0.00000e+00 6.38661e-05 7.69005e-08 5.76754e-06 -7.70165e-05
2.60407e-02 6.38322e-05 7.68646e-08 5.76485e-06 -7.69753e-05
5.20813e-02 6.37296e-05 7.67465e-08 5.75599e-06 -7.68517e-05
7.81220e-02 6.35588e-05 7.65523e-08 5.74143e-06 -7.66457e-05
1.04163e-01 6.33204e-05 7.62741e-08 5.72056e-06 -7.63577e-05
1.30203e-01 6.30137e-05 7.59157e-08 5.69368e-06 -7.59879e-05
1.56244e-01 6.26395e-05 7.54766e-08 5.66075e-06 -7.55368e-05
1.82285e-01 6.21984e-05 7.49573e-08 5.62179e-06 -7.50048e-05
2.08325e-01 6.16906e-05 7.43575e-08 5.57681e-06 -7.43925e-05
2.34366e-01 6.11168e-05 7.36784e-08 5.52588e-06 -7.37005e-05
2.60407e-01 6.04775e-05 7.29203e-08 5.46902e-06 -7.29296e-05
2.86447e-01 5.97735e-05 7.20844e-08 5.40633e-06 -7.20806e-05
3.12488e-01 5.90055e-05 7.11711e-08 5.33783e-06 -7.11544e-05
3.38529e-01 5.81742e-05 7.01816e-08 5.26362e-06 -7.01521e-05
3.64570e-01 5.72807e-05 6.91166e-08 5.18375e-06 -6.90746e-05
3.90610e-01 5.63259e-05 6.79761e-08 5.09821e-06 -6.79232e-05
4.16651e-01 5.53107e-05 6.67632e-08 5.00724e-06 -6.66990e-05
4.42692e-01 5.42363e-05 6.54710e-08 4.91033e-06 -6.54034e-05
4.68733e-01 5.31038e-05 6.41092e-08 4.80819e-06 -6.40378e-05
4.94774e-01 5.19144e-05 6.26774e-08 4.70080e-06 -6.26037e-05
5.20815e-01 5.06694e-05 6.11783e-08 4.58837e-06 -6.11024e-05
5.46855e-01 4.93702e-05 5.96132e-08 4.47099e-06 -5.95358e-05
5.72896e-01 4.80181e-05 5.79842e-08 4.34881e-06 -5.79054e-05
5.98937e-01 4.66147e-05 5.62931e-08 4.22199e-06 -5.62130e-05
6.24978e-01 4.51612e-05 5.45418e-08 4.09064e-06 -5.44604e-05
6.51019e-01 4.36595e-05 5.27326e-08 3.95495e-06 -5.26495e-05
6.77060e-01 4.21109e-05 5.08670e-08 3.81502e-06 -5.07822e-05
7.03101e-01 4.05173e-05 4.89469e-08 3.67102e-06 -4.88606e-05
7.29142e-01 3.88803e-05 4.69746e-08 3.52310e-06 -4.68866e-05
7.55183e-01 3.72017e-05 4.49519e-08 3.37139e-06 -4.48624e-05
7.81224e-01 3.54832e-05 4.28812e-08 3.21609e-06 -4.27902e-05
8.07266e-01 3.37267e-05 4.07643e-08 3.05733e-06 -4.06721e-05
8.33307e-01 3.19342e-05 3.86044e-08 2.89533e-06 -3.85105e-05
8.59348e-01 3.01074e-05 3.64017e-08 2.73013e-06 -3.63077e-05
8.85389e-01 2.82483e-05 3.41606e-08 2.56204e-06 -3.40659e-05
9.11430e-01 2.63591e-05 3.18827e-08 2.39120e-06 -3.17877e-05
9.37472e-01 2.44416e-05 2.95709e-08 2.21782e-06 -2.94755e-05
9.63513e-01 2.24979e-05 2.72274e-08 2.04205e-06 -2.71317e-05
9.89554e-01 2.05301e-05 2.48548e-08 1.86411e-06 -2.47588e-05
1.01560e+00 1.85403e-05 2.24557e-08 1.68418e-06 -2.23594e-05
1.04164e+00 1.65307e-05 2.00326e-08 1.50245e-06 -1.99361e-05
1.06768e+00 1.45034e-05 1.75882e-08 1.31911e-06 -1.74915e-05
1.09372e+00 1.24606e-05 1.51250e-08 1.13438e-06 -1.50280e-05
1.11976e+00 1.04044e-05 1.26456e-08 9.48419e-07 -1.25485e-05
1.14580e+00 8.33702e-06 1.01527e-08 7.61451e-07 -1.00556e-05
1.17184e+00 6.26076e-06 7.64869e-09 5.73652e-07 -7.55189e-06
1.19789e+00 4.17778e-06 5.13654e-09 3.85240e-07 -5.04009e-06
1.22393e+00 2.09033e-06 2.61868e-09 1.96401e-07 -2.52288e-06
1.24997e+00 6.38041e-10 9.80866e-11 7.35649e-09 -2.97601e-09
1.27601e+00 -2.08907e-06 -2.42313e-09 -1.81735e-07 2.51694e-06
1.30205e+00 -4.17654e-06 -4.94171e-09 -3.70628e-07 5.03416e-06
1.32809e+00 -6.25955e-06 -7.45521e-09 -5.59141e-07 7.54599e-06
1.35414e+00 -8.33585e-06 -9.96073e-09 -7.47055e-07 1.00498e-05
1.38018e+00 -1.04032e-05 -1.24559e-08 -9.34193e-07 1.25427e-05
1.40622e+00 -1.24595e-05 -1.49378e-08 -1.12033e-06 1.50223e-05
1.43226e+00 -1.45024e-05 -1.74039e-08 -1.30529e-06 1.74858e-05
1.45830e+00 -1.65298e-05 -1.98514e-08 -1.48885e-06 1.99306e-05
1.48435e+00 -1.85394e-05 -2.22781e-08 -1.67086e-06 2.23540e-05
1.51039e+00 -2.05293e-05 -2.46810e-08 -1.85108e-06 2.47535e-05
1.53643e+00 -2.24971e-05 -2.70577e-08 -2.02933e-06 2.71265e-05
1.56247e+00 -2.44409e-05 -2.94056e-08 -2.20542e-06 2.94704e-05
1.58851e+00 -2.63584e-05 -3.17225e-08 -2.37919e-06 3.17828e-05
1.61456e+00 -2.82478e-05 -3.40056e-08 -2.55042e-06 3.40612e-05
1.64060e+00 -3.01069e-05 -3.62525e-08 -2.71894e-06 3.63030e-05
1.66664e+00 -3.19338e-05 -3.84611e-08 -2.88458e-06 3.85060e-05
1.69268e+00 -3.37265e-05 -4.06287e-08 -3.04715e-06 4.06678e-05
1.71872e+00 -3.54831e-05 -4.27533e-08 -3.20650e-06 4.27860e-05
1.74477e+00 -3.72016e-05 -4.48322e-08 -3.36242e-06 4.48585e-05
1.77081e+00 -3.88804e-05 -4.68634e-08 -3.51476e-06 4.68828e-05
1.79685e+00 -4.05175e-05 -4.88447e-08 -3.66335e-06 4.88570e-05
1.82289e+00 -4.21112e-05 -5.07739e-08 -3.80804e-06 5.07789e-05
1.84894e+00 -4.36598e-05 -5.26489e-08 -3.94867e-06 5.26463e-05
1.87498e+00 -4.51617e-05 -5.44679e-08 -4.08509e-06 5.44574e-05
1.90102e+00 -4.66152e-05 -5.62291e-08 -4.21718e-06 5.62102e-05
1.92706e+00 -4.80188e-05 -5.79303e-08 -4.34477e-06 5.79028e-05
1.95311e+00 -4.93710e-05 -5.95697e-08 -4.46773e-06 5.95334e-05
1.97915e+00 -5.06703e-05 -6.11457e-08 -4.58593e-06 6.11002e-05
2.00519e+00 -5.19154e-05 -6.26567e-08 -4.69925e-06 6.26016e-05
2.03123e+00 -5.31048e-05 -6.41009e-08 -4.80757e-06 6.40360e-05
2.05728e+00 -5.42374e-05 -6.54766e-08 -4.91075e-06 6.54018e-05
2.08332e+00 -5.53119e-05 -6.67831e-08 -5.00874e-06 6.66975e-05
2.10936e+00 -5.63272e-05 -6.80184e-08 -5.10138e-06 6.79219e-05
2.13540e+00 -5.72822e-05 -6.91816e-08 -5.18862e-06 6.90735e-05
2.16145e+00 -5.81759e-05 -7.02708e-08 -5.27031e-06 7.01511e-05
2.18749e+00 -5.90072e-05 -7.12853e-08 -5.34640e-06 7.11536e-05
2.21353e+00 -5.97754e-05 -7.22241e-08 -5.41680e-06 7.20799e-05
2.23957e+00 -6.04796e-05 -7.30859e-08 -5.48144e-06 7.29290e-05
2.26562e+00 -6.11190e-05 -7.38701e-08 -5.54026e-06 7.37000e-05
2.29166e+00 -6.16929e-05 -7.45756e-08 -5.59317e-06 7.43921e-05
2.31770e+00 -6.22008e-05 -7.52032e-08 -5.64024e-06 7.50045e-05
2.34374e+00 -6.26420e-05 -7.57502e-08 -5.68127e-06 7.55366e-05
2.36979e+00 -6.30162e-05 -7.62165e-08 -5.71624e-06 7.59878e-05
2.39583e+00 -6.33230e-05 -7.66011e-08 -5.74508e-06 7.63576e-05
2.42187e+00 -6.35615e-05 -7.69038e-08 -5.76778e-06 7.66457e-05
2.44791e+00 -6.37323e-05 -7.71211e-08 -5.78408e-06 7.68516e-05
2.47396e+00 -6.38350e-05 -7.72558e-08 -5.79418e-06 7.69753e-05
2.50000e+00 -6.38690e-05 -7.73052e-08 -5.79789e-06 7.70165e-05
