0.00000e+00 -8.59557e-05 -2.97326e-08 -4.45989e-06 9.97995e-05
2.60430e-02 -8.59096e-05 -2.97590e-08 -4.46385e-06 9.97460e-05
5.20860e-02 -8.57716e-05 -2.97594e-08 -4.46391e-06 9.95858e-05
7.81291e-02 -8.55421e-05 -2.97352e-08 -4.46028e-06 9.93189e-05
1.04172e-01 -8.52206e-05 -2.96820e-08 -4.45230e-06 9.89456e-05
1.30215e-01 -8.48075e-05 -2.96008e-08 -4.44012e-06 9.84663e-05
1.56258e-01 -8.43040e-05 -2.94878e-08 -4.42317e-06 9.78817e-05
1.82301e-01 -8.37103e-05 -2.93436e-08 -4.40155e-06 9.71921e-05
2.08344e-01 -8.30268e-05 -2.91677e-08 -4.37516e-06 9.63985e-05
2.34387e-01 -8.22544e-05 -2.89591e-08 -4.34387e-06 9.55017e-05
2.60430e-01 -8.13938e-05 -2.87187e-08 -4.30781e-06 9.45026e-05
2.86473e-01 -8.04462e-05 -2.84459e-08 -4.26689e-06 9.34023e-05
3.12516e-01 -7.94123e-05 -2.81415e-08 -4.22122e-06 9.22019e-05
3.38559e-01 -7.82934e-05 -2.78023e-08 -4.17035e-06 9.09028e-05
3.64602e-01 -7.70907e-05 -2.74316e-08 -4.11474e-06 8.95064e-05
3.90645e-01 -7.58055e-05 -2.70260e-08 -4.05390e-06 8.80141e-05
4.16687e-01 -7.44390e-05 -2.65902e-08 -3.98853e-06 8.64276e-05
4.42730e-01 -7.29928e-05 -2.61038e-08 -3.91557e-06 8.47485e-05
4.68773e-01 -7.14685e-05 -2.55883e-08 -3.83824e-06 8.29786e-05
4.94816e-01 -6.98676e-05 -2.50409e-08 -3.75614e-06 8.11199e-05
5.20859e-01 -6.81920e-05 -2.44653e-08 -3.66980e-06 7.91743e-05
5.46901e-01 -6.64432e-05 -2.38589e-08 -3.57884e-06 7.71439e-05
5.72944e-01 -6.46234e-05 -2.32260e-08 -3.48389e-06 7.50310e-05
5.98987e-01 -6.27343e-05 -2.25668e-08 -3.38501e-06 7.28376e-05
6.25029e-01 -6.07780e-05 -2.18826e-08 -3.28240e-06 7.05663e-05
6.51072e-01 -5.87567e-05 -2.11733e-08 -3.17600e-06 6.82194e-05
6.77114e-01 -5.66724e-05 -2.04407e-08 -3.06611e-06 6.57994e-05
7.03157e-01 -5.45275e-05 -1.96853e-08 -2.95279e-06 6.33090e-05
7.29200e-01 -5.23241e-05 -1.89081e-08 -2.83622e-06 6.07508e-05
7.55242e-01 -5.00647e-05 -1.81090e-08 -2.71635e-06 5.81275e-05
7.81284e-01 -4.77517e-05 -1.72898e-08 -2.59347e-06 5.54420e-05
8.07327e-01 -4.53876e-05 -1.64507e-08 -2.46760e-06 5.26971e-05
8.33369e-01 -4.29749e-05 -1.55929e-08 -2.33894e-06 4.98958e-05
8.59412e-01 -4.05161e-05 -1.47148e-08 -2.20722e-06 4.70411e-05
8.85454e-01 -3.80140e-05 -1.38200e-08 -2.07300e-06 4.41360e-05
9.11496e-01 -3.54712e-05 -1.29092e-08 -1.93639e-06 4.11836e-05
9.37538e-01 -3.28903e-05 -1.19842e-08 -1.79763e-06 3.81872e-05
9.63580e-01 -3.02743e-05 -1.10452e-08 -1.65677e-06 3.51498e-05
9.89623e-01 -2.76258e-05 -1.00940e-08 -1.51410e-06 3.20748e-05
1.01566e+00 -2.49478e-05 -9.13150e-09 -1.36972e-06 2.89655e-05
1.04171e+00 -2.22430e-05 -8.15905e-09 -1.22386e-06 2.58252e-05
1.06775e+00 -1.95144e-05 -7.17732e-09 -1.07660e-06 2.26572e-05
1.09379e+00 -1.67650e-05 -6.18783e-09 -9.28174e-07 1.94649e-05
1.11983e+00 -1.39975e-05 -5.19152e-09 -7.78728e-07 1.62518e-05
1.14587e+00 -1.12151e-05 -4.18969e-09 -6.28453e-07 1.30213e-05
1.17192e+00 -8.42071e-06 -3.18334e-09 -4.77501e-07 9.77691e-06
1.19796e+00 -5.61728e-06 -2.17363e-09 -3.26044e-07 6.52203e-06
1.22400e+00 -2.80783e-06 -1.16159e-09 -1.74239e-07 3.26016e-06
1.25004e+00 4.61926e-09 -1.48393e-10 -2.22589e-08 -5.19459e-09
1.27608e+00 2.81706e-06 8.65517e-10 1.29828e-07 -3.27054e-06
1.30212e+00 5.62649e-06 1.87839e-09 2.81759e-07 -6.53237e-06
1.32817e+00 8.42989e-06 2.88913e-09 4.33370e-07 -9.78720e-06
1.35421e+00 1.12243e-05 3.89662e-09 5.84493e-07 -1.30316e-05
1.38025e+00 1.40066e-05 4.89977e-09 7.34966e-07 -1.62619e-05
1.40629e+00 1.67739e-05 5.89745e-09 8.84618e-07 -1.94749e-05
1.43233e+00 1.95233e-05 6.88854e-09 1.03328e-06 -2.26670e-05
1.45837e+00 2.22518e-05 7.87192e-09 1.18079e-06 -2.58349e-05
1.48441e+00 2.49565e-05 8.84651e-09 1.32698e-06 -2.89750e-05
1.51046e+00 2.76344e-05 9.81129e-09 1.47169e-06 -3.20841e-05
1.53650e+00 3.02827e-05 1.07653e-08 1.61480e-06 -3.51589e-05
1.56254e+00 3.28986e-05 1.17075e-08 1.75613e-06 -3.81960e-05
1.58858e+00 3.54793e-05 1.26369e-08 1.89553e-06 -4.11923e-05
1.61462e+00 3.80219e-05 1.35525e-08 2.03287e-06 -4.41444e-05
1.64066e+00 4.05239e-05 1.44537e-08 2.16806e-06 -4.70492e-05
1.66670e+00 4.29825e-05 1.53397e-08 2.30095e-06 -4.99036e-05
1.69274e+00 4.53950e-05 1.62102e-08 2.43153e-06 -5.27046e-05
1.71878e+00 4.77590e-05 1.70635e-08 2.55952e-06 -5.54492e-05
1.74483e+00 5.00718e-05 1.78987e-08 2.68481e-06 -5.81344e-05
1.77087e+00 5.23309e-05 1.87145e-08 2.80718e-06 -6.07573e-05
1.79691e+00 5.45341e-05 1.95100e-08 2.92650e-06 -6.33152e-05
1.82295e+00 5.66788e-05 2.02842e-08 3.04262e-06 -6.58053e-05
1.84899e+00 5.87629e-05 2.10361e-08 3.15542e-06 -6.82249e-05
1.87503e+00 6.07840e-05 2.17650e-08 3.26474e-06 -7.05715e-05
1.90107e+00 6.27401e-05 2.24691e-08 3.37036e-06 -7.28425e-05
1.92711e+00 6.46290e-05 2.31485e-08 3.47227e-06 -7.50355e-05
1.95315e+00 6.64486e-05 2.38021e-08 3.57032e-06 -7.71481e-05
1.97919e+00 6.81971e-05 2.44294e-08 3.66441e-06 -7.91782e-05
2.00523e+00 6.98726e-05 2.50280e-08 3.75420e-06 -8.11234e-05
2.03127e+00 7.14733e-05 2.55987e-08 3.83980e-06 -8.29818e-05
2.05731e+00 7.29974e-05 2.61399e-08 3.92098e-06 -8.47514e-05
2.08335e+00 7.44434e-05 2.66518e-08 3.99777e-06 -8.64302e-05
2.10939e+00 7.58097e-05 2.71292e-08 4.06938e-06 -8.80164e-05
2.13543e+00 7.70948e-05 2.75763e-08 4.13645e-06 -8.95084e-05
2.16148e+00 7.82973e-05 2.79919e-08 4.19878e-06 -9.09046e-05
2.18752e+00 7.94160e-05 2.83763e-08 4.25645e-06 -9.22035e-05
2.21356e+00 8.04497e-05 2.87270e-08 4.30904e-06 -9.34036e-05
2.23960e+00 8.13973e-05 2.90458e-08 4.35686e-06 -9.45037e-05
2.26564e+00 8.22577e-05 2.93316e-08 4.39974e-06 -9.55026e-05
2.29168e+00 8.30301e-05 2.95849e-08 4.43773e-06 -9.63992e-05
2.31772e+00 8.37134e-05 2.98026e-08 4.47039e-06 -9.71927e-05
2.34376e+00 8.43070e-05 2.99875e-08 4.49813e-06 -9.78821e-05
2.36980e+00 8.48104e-05 3.01402e-08 4.52103e-06 -9.84666e-05
2.39584e+00 8.52234e-05 3.02599e-08 4.53899e-06 -9.89458e-05
2.42188e+00 8.55449e-05 3.03467e-08 4.55200e-06 -9.93190e-05
2.44792e+00 8.57744e-05 3.04032e-08 4.56048e-06 -9.95858e-05
2.47396e+00 8.59124e-05 3.04337e-08 4.56505e-06 -9.97460e-05
2.50000e+00 8.59584e-05 3.04362e-08 4.56543e-06 -9.97995e-05
