0.00000e+00 4.74431e-05 -8.29654e-08 -1.24448e-05 -5.89446e-05
2.60409e-02 4.74175e-05 -8.29263e-08 -1.24389e-05 -5.89131e-05
5.20818e-02 4.73413e-05 -8.27974e-08 -1.24196e-05 -5.88184e-05
7.81228e-02 4.72150e-05 -8.25793e-08 -1.23869e-05 -5.86608e-05
1.04164e-01 4.70374e-05 -8.22734e-08 -1.23410e-05 -5.84404e-05
1.30205e-01 4.68089e-05 -8.18814e-08 -1.22822e-05 -5.81574e-05
1.56246e-01 4.65312e-05 -8.13993e-08 -1.22099e-05 -5.78121e-05
1.82286e-01 4.62037e-05 -8.08256e-08 -1.21238e-05 -5.74049e-05
2.08327e-01 4.58265e-05 -8.01669e-08 -1.20250e-05 -5.69363e-05
2.34368e-01 4.54001e-05 -7.94234e-08 -1.19135e-05 -5.64066e-05
2.60409e-01 4.49251e-05 -7.85952e-08 -1.17893e-05 -5.58166e-05
2.86450e-01 4.44020e-05 -7.76824e-08 -1.16524e-05 -5.51668e-05
3.12491e-01 4.38313e-05 -7.66863e-08 -1.15029e-05 -5.44580e-05
3.38532e-01 4.32138e-05 -7.56072e-08 -1.13411e-05 -5.36908e-05
3.64573e-01 4.25500e-05 -7.44473e-08 -1.11671e-05 -5.28662e-05
3.90614e-01 4.18406e-05 -7.32074e-08 -1.09811e-05 -5.19849e-05
4.16655e-01 4.10864e-05 -7.18891e-08 -1.07834e-05 -5.10480e-05
4.42696e-01 4.02883e-05 -7.04916e-08 -1.05737e-05 -5.00564e-05
4.68737e-01 3.94470e-05 -6.90187e-08 -1.03528e-05 -4.90112e-05
4.94778e-01 3.85635e-05 -6.74718e-08 -1.01208e-05 -4.79135e-05
5.20819e-01 3.76387e-05 -6.58531e-08 -9.87797e-06 -4.67646e-05
5.46860e-01 3.66736e-05 -6.41636e-08 -9.62454e-06 -4.55655e-05
5.72902e-01 3.56692e-05 -6.24058e-08 -9.36087e-06 -4.43177e-05
5.98943e-01 3.46267e-05 -6.05814e-08 -9.08721e-06 -4.30224e-05
6.24984e-01 3.35470e-05 -5.86925e-08 -8.80388e-06 -4.16810e-05
6.51025e-01 3.24315e-05 -5.67407e-08 -8.51111e-06 -4.02950e-05
6.77066e-01 3.12812e-05 -5.47285e-08 -8.20927e-06 -3.88659e-05
7.03107e-01 3.00974e-05 -5.26579e-08 -7.89868e-06 -3.73951e-05
7.29149e-01 2.88814e-05 -5.05312e-08 -7.57968e-06 -3.58843e-05
7.55190e-01 2.76345e-05 -4.83503e-08 -7.25255e-06 -3.43351e-05
7.81231e-01 2.63579e-05 -4.61180e-08 -6.91769e-06 -3.27491e-05
8.07272e-01 2.50532e-05 -4.38361e-08 -6.57542e-06 -3.11280e-05
8.33314e-01 2.37216e-05 -4.15075e-08 -6.22613e-06 -2.94736e-05
8.59355e-01 2.23646e-05 -3.91332e-08 -5.86998e-06 -2.77876e-05
8.85396e-01 2.09837e-05 -3.67170e-08 -5.50755e-06 -2.60719e-05
9.11437e-01 1.95803e-05 -3.42615e-08 -5.13923e-06 -2.43283e-05
9.37479e-01 1.81560e-05 -3.17695e-08 -4.76543e-06 -2.25586e-05
9.63520e-01 1.67121e-05 -2.92435e-08 -4.38652e-06 -2.07647e-05
9.89562e-01 1.52504e-05 -2.66863e-08 -4.00294e-06 -1.89487e-05
1.01560e+00 1.37724e-05 -2.41007e-08 -3.61510e-06 -1.71123e-05
1.04164e+00 1.22796e-05 -2.14894e-08 -3.22341e-06 -1.52576e-05
1.06769e+00 1.07736e-05 -1.88552e-08 -2.82828e-06 -1.33865e-05
1.09373e+00 9.25614e-06 -1.62009e-08 -2.43013e-06 -1.15012e-05
1.11977e+00 7.72874e-06 -1.35294e-08 -2.02941e-06 -9.60347e-06
1.14581e+00 6.19305e-06 -1.08436e-08 -1.62653e-06 -7.69549e-06
1.17185e+00 4.65074e-06 -8.14616e-09 -1.22192e-06 -5.77927e-06
1.19789e+00 3.10344e-06 -5.44009e-09 -8.16013e-07 -3.85685e-06
1.22394e+00 1.55281e-06 -2.72824e-09 -4.09236e-07 -1.93031e-06
1.24998e+00 5.18460e-10 -1.35564e-11 -2.03346e-09 -1.69703e-09
1.27602e+00 -1.55178e-06 2.70198e-09 4.05297e-07 1.92692e-06
1.30206e+00 -3.10242e-06 5.41456e-09 8.12183e-07 3.85347e-06
1.32810e+00 -4.64974e-06 8.12125e-09 1.21819e-06 5.77590e-06
1.35414e+00 -6.19208e-06 1.08192e-08 1.62289e-06 7.69215e-06
1.38019e+00 -7.72779e-06 1.35056e-08 2.02584e-06 9.60016e-06
1.40623e+00 -9.25524e-06 1.61775e-08 2.42663e-06 1.14979e-05
1.43227e+00 -1.07728e-05 1.88319e-08 2.82479e-06 1.33833e-05
1.45831e+00 -1.22788e-05 2.14662e-08 3.21993e-06 1.52544e-05
1.48435e+00 -1.37716e-05 2.40774e-08 3.61161e-06 1.71092e-05
1.51040e+00 -1.52498e-05 2.66628e-08 3.99943e-06 1.89456e-05
1.53644e+00 -1.67115e-05 2.92197e-08 4.38295e-06 2.07618e-05
1.56248e+00 -1.81554e-05 3.17453e-08 4.76179e-06 2.25557e-05
1.58852e+00 -1.95799e-05 3.42369e-08 5.13553e-06 2.43255e-05
1.61456e+00 -2.09834e-05 3.66920e-08 5.50379e-06 2.60692e-05
1.64060e+00 -2.23644e-05 3.91078e-08 5.86617e-06 2.77850e-05
1.66665e+00 -2.37215e-05 4.14818e-08 6.22227e-06 2.94710e-05
1.69269e+00 -2.50531e-05 4.38116e-08 6.57174e-06 3.11255e-05
1.71873e+00 -2.63580e-05 4.60946e-08 6.91418e-06 3.27467e-05
1.74477e+00 -2.76346e-05 4.83283e-08 7.24924e-06 3.43328e-05
1.77082e+00 -2.88817e-05 5.05105e-08 7.57657e-06 3.58822e-05
1.79686e+00 -3.00978e-05 5.26386e-08 7.89580e-06 3.73931e-05
1.82290e+00 -3.12817e-05 5.47107e-08 8.20661e-06 3.88639e-05
1.84894e+00 -3.24321e-05 5.67243e-08 8.50865e-06 4.02932e-05
1.87498e+00 -3.35478e-05 5.86775e-08 8.80162e-06 4.16793e-05
1.90103e+00 -3.46276e-05 6.05679e-08 9.08518e-06 4.30208e-05
1.92707e+00 -3.56703e-05 6.23938e-08 9.35906e-06 4.43162e-05
1.95311e+00 -3.66747e-05 6.41530e-08 9.62295e-06 4.55641e-05
1.97915e+00 -3.76400e-05 6.58440e-08 9.87660e-06 4.67633e-05
2.00520e+00 -3.85649e-05 6.74648e-08 1.01197e-05 4.79124e-05
2.03124e+00 -3.94485e-05 6.90139e-08 1.03521e-05 4.90102e-05
2.05728e+00 -4.02899e-05 7.04895e-08 1.05734e-05 5.00554e-05
2.08332e+00 -4.10881e-05 7.18899e-08 1.07835e-05 5.10471e-05
2.10936e+00 -4.18424e-05 7.32136e-08 1.09820e-05 5.19842e-05
2.13541e+00 -4.25519e-05 7.44592e-08 1.11689e-05 5.28655e-05
2.16145e+00 -4.32158e-05 7.56254e-08 1.13438e-05 5.36903e-05
2.18749e+00 -4.38335e-05 7.67110e-08 1.15067e-05 5.44575e-05
2.21353e+00 -4.44042e-05 7.77145e-08 1.16572e-05 5.51664e-05
2.23958e+00 -4.49274e-05 7.86349e-08 1.17952e-05 5.58163e-05
2.26562e+00 -4.54025e-05 7.94710e-08 1.19206e-05 5.64064e-05
2.29166e+00 -4.58289e-05 8.02224e-08 1.20334e-05 5.69360e-05
2.31770e+00 -4.62062e-05 8.08900e-08 1.21335e-05 5.74047e-05
2.34375e+00 -4.65337e-05 8.14725e-08 1.22209e-05 5.78120e-05
2.36979e+00 -4.68114e-05 8.19645e-08 1.22947e-05 5.81573e-05
2.39583e+00 -4.70398e-05 8.23665e-08 1.23550e-05 5.84403e-05
2.42187e+00 -4.72175e-05 8.26823e-08 1.24023e-05 5.86608e-05
2.44792e+00 -4.73438e-05 8.29101e-08 1.24365e-05 5.88184e-05
2.47396e+00 -4.74201e-05 8.30477e-08 1.24572e-05 5.89131e-05
2.50000e+00 -4.74456e-05 8.30952e-08 1.24643e-05 5.89446e-05
