0.00000e+00 -4.13201e-05 9.86885e-08 2.96066e-05 5.37596e-05
2.60423e-02 -4.12976e-05 9.86349e-08 2.95905e-05 5.37308e-05
5.20846e-02 -4.12315e-05 9.84763e-08 2.95429e-05 5.36445e-05
7.81270e-02 -4.11214e-05 9.82113e-08 2.94634e-05 5.35007e-05
1.04169e-01 -4.09663e-05 9.78418e-08 2.93525e-05 5.32996e-05
1.30212e-01 -4.07677e-05 9.73710e-08 2.92113e-05 5.30415e-05
1.56254e-01 -4.05261e-05 9.67932e-08 2.90380e-05 5.27266e-05
1.82296e-01 -4.02406e-05 9.61078e-08 2.88323e-05 5.23551e-05
2.08338e-01 -3.99118e-05 9.53212e-08 2.85963e-05 5.19277e-05
2.34381e-01 -3.95405e-05 9.44348e-08 2.83304e-05 5.14446e-05
2.60423e-01 -3.91269e-05 9.34475e-08 2.80342e-05 5.09064e-05
2.86465e-01 -3.86713e-05 9.23600e-08 2.77080e-05 5.03137e-05
3.12508e-01 -3.81743e-05 9.11733e-08 2.73520e-05 4.96672e-05
3.38550e-01 -3.76365e-05 8.98888e-08 2.69666e-05 4.89674e-05
3.64592e-01 -3.70583e-05 8.85079e-08 2.65524e-05 4.82152e-05
3.90634e-01 -3.64405e-05 8.70323e-08 2.61097e-05 4.74114e-05
4.16677e-01 -3.57836e-05 8.54634e-08 2.56390e-05 4.65568e-05
4.42719e-01 -3.50884e-05 8.38030e-08 2.51409e-05 4.56524e-05
4.68761e-01 -3.43556e-05 8.20527e-08 2.46158e-05 4.46990e-05
4.94803e-01 -3.35860e-05 8.02146e-08 2.40644e-05 4.36978e-05
5.20845e-01 -3.27805e-05 7.82907e-08 2.34872e-05 4.26498e-05
5.46888e-01 -3.19399e-05 7.62829e-08 2.28849e-05 4.15562e-05
5.72930e-01 -3.10650e-05 7.41934e-08 2.22580e-05 4.04180e-05
5.98972e-01 -3.01570e-05 7.20244e-08 2.16073e-05 3.92366e-05
6.25014e-01 -2.92166e-05 6.97784e-08 2.09335e-05 3.80131e-05
6.51056e-01 -2.82449e-05 6.74575e-08 2.02373e-05 3.67489e-05
6.77098e-01 -2.72430e-05 6.50644e-08 1.95193e-05 3.54454e-05
7.03140e-01 -2.62119e-05 6.26016e-08 1.87805e-05 3.41039e-05
7.29182e-01 -2.51527e-05 6.00718e-08 1.80216e-05 3.27259e-05
7.55225e-01 -2.40666e-05 5.74778e-08 1.72433e-05 3.13129e-05
7.81267e-01 -2.29548e-05 5.48222e-08 1.64466e-05 2.98663e-05
8.07309e-01 -2.18183e-05 5.21079e-08 1.56324e-05 2.83877e-05
8.33351e-01 -2.06585e-05 4.93377e-08 1.48013e-05 2.68788e-05
8.59393e-01 -1.94766e-05 4.65146e-08 1.39544e-05 2.53410e-05
8.85435e-01 -1.82738e-05 4.36417e-08 1.30925e-05 2.37762e-05
9.11476e-01 -1.70514e-05 4.07221e-08 1.22166e-05 2.21858e-05
9.37518e-01 -1.58108e-05 3.77588e-08 1.13276e-05 2.05717e-05
9.63560e-01 -1.45533e-05 3.47552e-08 1.04265e-05 1.89356e-05
9.89602e-01 -1.32801e-05 3.17143e-08 9.51429e-06 1.72792e-05
1.01564e+00 -1.19928e-05 2.86395e-08 8.59185e-06 1.56043e-05
1.04169e+00 -1.06926e-05 2.55340e-08 7.66020e-06 1.39127e-05
1.06773e+00 -9.38094e-06 2.24011e-08 6.72034e-06 1.22062e-05
1.09377e+00 -8.05925e-06 1.92443e-08 5.77328e-06 1.04867e-05
1.11981e+00 -6.72892e-06 1.60668e-08 4.82003e-06 8.75588e-06
1.14585e+00 -5.39140e-06 1.28721e-08 3.86163e-06 7.01571e-06
1.17189e+00 -4.04810e-06 9.66359e-09 2.89908e-06 5.26802e-06
1.19794e+00 -2.70046e-06 6.44473e-09 1.93342e-06 3.51470e-06
1.22398e+00 -1.34994e-06 3.21895e-09 9.65684e-07 1.75762e-06
1.25002e+00 2.03416e-09 -1.02717e-11 -3.08152e-09 -1.34884e-09
1.27606e+00 1.35400e-06 -3.23946e-09 -9.71837e-07 -1.76031e-06
1.30210e+00 2.70452e-06 -6.46516e-09 -1.93955e-06 -3.51739e-06
1.32814e+00 4.05215e-06 -9.68396e-09 -2.90519e-06 -5.27070e-06
1.35419e+00 5.39543e-06 -1.28924e-08 -3.86772e-06 -7.01836e-06
1.38023e+00 6.73294e-06 -1.60871e-08 -4.82612e-06 -8.75850e-06
1.40627e+00 8.06324e-06 -1.92645e-08 -5.77934e-06 -1.04893e-05
1.43231e+00 9.38490e-06 -2.24213e-08 -6.72638e-06 -1.22088e-05
1.45835e+00 1.06965e-05 -2.55541e-08 -7.66623e-06 -1.39153e-05
1.48439e+00 1.19967e-05 -2.86596e-08 -8.59787e-06 -1.56068e-05
1.51044e+00 1.32840e-05 -3.17344e-08 -9.52031e-06 -1.72817e-05
1.53648e+00 1.45571e-05 -3.47752e-08 -1.04326e-05 -1.89380e-05
1.56252e+00 1.58146e-05 -3.77788e-08 -1.13336e-05 -2.05741e-05
1.58856e+00 1.70552e-05 -4.07420e-08 -1.22226e-05 -2.21881e-05
1.61460e+00 1.82775e-05 -4.36616e-08 -1.30985e-05 -2.37783e-05
1.64064e+00 1.94802e-05 -4.65345e-08 -1.39603e-05 -2.53431e-05
1.66668e+00 2.06621e-05 -4.93575e-08 -1.48072e-05 -2.68808e-05
1.69273e+00 2.18218e-05 -5.21276e-08 -1.56383e-05 -2.83897e-05
1.71877e+00 2.29582e-05 -5.48418e-08 -1.64525e-05 -2.98682e-05
1.74481e+00 2.40701e-05 -5.74973e-08 -1.72492e-05 -3.13146e-05
1.77085e+00 2.51561e-05 -6.00912e-08 -1.80274e-05 -3.27276e-05
1.79689e+00 2.62152e-05 -6.26208e-08 -1.87863e-05 -3.41055e-05
1.82293e+00 2.72462e-05 -6.50834e-08 -1.95250e-05 -3.54469e-05
1.84897e+00 2.82481e-05 -6.74763e-08 -2.02429e-05 -3.67504e-05
1.87501e+00 2.92197e-05 -6.97969e-08 -2.09391e-05 -3.80144e-05
1.90106e+00 3.01600e-05 -7.20427e-08 -2.16128e-05 -3.92378e-05
1.92710e+00 3.10681e-05 -7.42114e-08 -2.22634e-05 -4.04192e-05
1.95314e+00 3.19428e-05 -7.63005e-08 -2.28902e-05 -4.15573e-05
1.97918e+00 3.27834e-05 -7.83080e-08 -2.34924e-05 -4.26508e-05
2.00522e+00 3.35889e-05 -8.02317e-08 -2.40695e-05 -4.36988e-05
2.03126e+00 3.43584e-05 -8.20696e-08 -2.46209e-05 -4.46999e-05
2.05730e+00 3.50911e-05 -8.38196e-08 -2.51459e-05 -4.56531e-05
2.08334e+00 3.57862e-05 -8.54797e-08 -2.56439e-05 -4.65575e-05
2.10938e+00 3.64431e-05 -8.70481e-08 -2.61144e-05 -4.74120e-05
2.13543e+00 3.70609e-05 -8.85232e-08 -2.65570e-05 -4.82158e-05
2.16147e+00 3.76390e-05 -8.99036e-08 -2.69711e-05 -4.89679e-05
2.18751e+00 3.81768e-05 -9.11876e-08 -2.73563e-05 -4.96676e-05
2.21355e+00 3.86737e-05 -9.23739e-08 -2.77122e-05 -5.03141e-05
2.23959e+00 3.91292e-05 -9.34610e-08 -2.80383e-05 -5.09067e-05
2.26563e+00 3.95428e-05 -9.44478e-08 -2.83343e-05 -5.14448e-05
2.29167e+00 3.99141e-05 -9.53338e-08 -2.86001e-05 -5.19279e-05
2.31771e+00 4.02428e-05 -9.61201e-08 -2.88360e-05 -5.23553e-05
2.34375e+00 4.05283e-05 -9.68051e-08 -2.90415e-05 -5.27267e-05
2.36979e+00 4.07699e-05 -9.73832e-08 -2.92150e-05 -5.30416e-05
2.39584e+00 4.09684e-05 -9.78543e-08 -2.93563e-05 -5.32997e-05
2.42188e+00 4.11235e-05 -9.82233e-08 -2.94670e-05 -5.35007e-05
2.44792e+00 4.12336e-05 -9.84878e-08 -2.95463e-05 -5.36445e-05
2.47396e+00 4.12997e-05 -9.86464e-08 -2.95939e-05 -5.37308e-05
2.50000e+00 4.13221e-05 -9.87001e-08 -2.96100e-05 -5.37596e-05
