0.00000e+00 2.32314e-05 -8.05078e-08 -4.83047e-05 -6.39009e-05
2.60413e-02 2.32187e-05 -8.04665e-08 -4.82799e-05 -6.38667e-05
5.20826e-02 2.31813e-05 -8.03373e-08 -4.82024e-05 -6.37641e-05
7.81239e-02 2.31190e-05 -8.01218e-08 -4.80731e-05 -6.35932e-05
1.04165e-01 2.30319e-05 -7.98244e-08 -4.78946e-05 -6.33543e-05
1.30207e-01 2.29203e-05 -7.94376e-08 -4.76626e-05 -6.30475e-05
1.56248e-01 2.27841e-05 -7.89636e-08 -4.73782e-05 -6.26731e-05
1.82289e-01 2.26234e-05 -7.84097e-08 -4.70458e-05 -6.22317e-05
2.08330e-01 2.24385e-05 -7.77721e-08 -4.66633e-05 -6.17236e-05
2.34372e-01 2.22297e-05 -7.70488e-08 -4.62293e-05 -6.11495e-05
2.60413e-01 2.19970e-05 -7.62423e-08 -4.57454e-05 -6.05098e-05
2.86454e-01 2.17408e-05 -7.53547e-08 -4.52128e-05 -5.98054e-05
3.12496e-01 2.14613e-05 -7.43866e-08 -4.46319e-05 -5.90369e-05
3.38537e-01 2.11588e-05 -7.33390e-08 -4.40034e-05 -5.82052e-05
3.64578e-01 2.08337e-05 -7.22129e-08 -4.33278e-05 -5.73112e-05
3.90620e-01 2.04863e-05 -7.10095e-08 -4.26057e-05 -5.63558e-05
4.16661e-01 2.01170e-05 -6.97301e-08 -4.18381e-05 -5.53401e-05
4.42702e-01 1.97261e-05 -6.83758e-08 -4.10255e-05 -5.42651e-05
4.68744e-01 1.93142e-05 -6.69483e-08 -4.01690e-05 -5.31320e-05
4.94785e-01 1.88816e-05 -6.54491e-08 -3.92695e-05 -5.19420e-05
5.20827e-01 1.84287e-05 -6.38797e-08 -3.83278e-05 -5.06964e-05
5.46868e-01 1.79562e-05 -6.22420e-08 -3.73452e-05 -4.93965e-05
5.72909e-01 1.74644e-05 -6.05375e-08 -3.63225e-05 -4.80437e-05
5.98951e-01 1.69539e-05 -5.87683e-08 -3.52610e-05 -4.66394e-05
6.24992e-01 1.64253e-05 -5.69361e-08 -3.41616e-05 -4.51852e-05
6.51033e-01 1.58790e-05 -5.50429e-08 -3.30257e-05 -4.36827e-05
6.77075e-01 1.53158e-05 -5.30907e-08 -3.18544e-05 -4.21333e-05
7.03116e-01 1.47361e-05 -5.10817e-08 -3.06490e-05 -4.05389e-05
7.29158e-01 1.41407e-05 -4.90180e-08 -2.94108e-05 -3.89010e-05
7.55199e-01 1.35302e-05 -4.69017e-08 -2.81410e-05 -3.72215e-05
7.81241e-01 1.29051e-05 -4.47352e-08 -2.68411e-05 -3.55021e-05
8.07282e-01 1.22663e-05 -4.25208e-08 -2.55125e-05 -3.37447e-05
8.33324e-01 1.16142e-05 -4.02609e-08 -2.41566e-05 -3.19511e-05
8.59365e-01 1.09498e-05 -3.79579e-08 -2.27747e-05 -3.01234e-05
8.85407e-01 1.02737e-05 -3.56142e-08 -2.13685e-05 -2.82634e-05
9.11448e-01 9.58650e-06 -3.32323e-08 -1.99394e-05 -2.63731e-05
9.37490e-01 8.88908e-06 -3.08149e-08 -1.84889e-05 -2.44546e-05
9.63531e-01 8.18213e-06 -2.83645e-08 -1.70187e-05 -2.25099e-05
9.89573e-01 7.46643e-06 -2.58836e-08 -1.55302e-05 -2.05411e-05
1.01561e+00 6.74273e-06 -2.33751e-08 -1.40250e-05 -1.85503e-05
1.04166e+00 6.01180e-06 -2.08415e-08 -1.25049e-05 -1.65396e-05
1.06770e+00 5.27444e-06 -1.82856e-08 -1.09714e-05 -1.45112e-05
1.09374e+00 4.53142e-06 -1.57101e-08 -9.42609e-06 -1.24673e-05
1.11978e+00 3.78354e-06 -1.31178e-08 -7.87071e-06 -1.04101e-05
1.14582e+00 3.03162e-06 -1.05115e-08 -6.30690e-06 -8.34163e-06
1.17186e+00 2.27644e-06 -7.89389e-09 -4.73634e-06 -6.26428e-06
1.19791e+00 1.51883e-06 -5.26783e-09 -3.16070e-06 -4.18022e-06
1.22395e+00 7.59583e-07 -2.63612e-09 -1.58167e-06 -2.09168e-06
1.24999e+00 -4.78189e-10 -1.58799e-12 -9.52792e-10 -9.02356e-10
1.27603e+00 -7.60527e-07 2.63297e-09 1.57978e-06 2.08988e-06
1.30207e+00 -1.51976e-06 5.26471e-09 3.15882e-06 4.17842e-06
1.32811e+00 -2.27738e-06 7.89081e-09 4.73449e-06 6.26249e-06
1.35416e+00 -3.03255e-06 1.05085e-08 6.30508e-06 8.33986e-06
1.38020e+00 -3.78448e-06 1.31149e-08 7.86893e-06 1.04083e-05
1.40624e+00 -4.53236e-06 1.57073e-08 9.42435e-06 1.24656e-05
1.43228e+00 -5.27539e-06 1.82828e-08 1.09697e-05 1.45095e-05
1.45832e+00 -6.01277e-06 2.08388e-08 1.25033e-05 1.65379e-05
1.48436e+00 -6.74372e-06 2.33725e-08 1.40235e-05 1.85486e-05
1.51041e+00 -7.46745e-06 2.58811e-08 1.55286e-05 2.05395e-05
1.53645e+00 -8.18318e-06 2.83620e-08 1.70172e-05 2.25083e-05
1.56249e+00 -8.89015e-06 3.08125e-08 1.84875e-05 2.44531e-05
1.58853e+00 -9.58761e-06 3.32301e-08 1.99380e-05 2.63716e-05
1.61457e+00 -1.02748e-05 3.56120e-08 2.13672e-05 2.82619e-05
1.64062e+00 -1.09510e-05 3.79558e-08 2.27735e-05 3.01220e-05
1.66666e+00 -1.16155e-05 4.02590e-08 2.41554e-05 3.19498e-05
1.69270e+00 -1.22675e-05 4.25190e-08 2.55114e-05 3.37434e-05
1.71874e+00 -1.29064e-05 4.47335e-08 2.68401e-05 3.55008e-05
1.74478e+00 -1.35315e-05 4.69001e-08 2.81400e-05 3.72203e-05
1.77082e+00 -1.41421e-05 4.90164e-08 2.94099e-05 3.88999e-05
1.79687e+00 -1.47376e-05 5.10803e-08 3.06482e-05 4.05378e-05
1.82291e+00 -1.53173e-05 5.30894e-08 3.18536e-05 4.21323e-05
1.84895e+00 -1.58805e-05 5.50417e-08 3.30250e-05 4.36817e-05
1.87499e+00 -1.64268e-05 5.69351e-08 3.41610e-05 4.51843e-05
1.90103e+00 -1.69555e-05 5.87674e-08 3.52605e-05 4.66386e-05
1.92708e+00 -1.74660e-05 6.05369e-08 3.63221e-05 4.80429e-05
1.95312e+00 -1.79578e-05 6.22416e-08 3.73449e-05 4.93957e-05
1.97916e+00 -1.84304e-05 6.38795e-08 3.83277e-05 5.06957e-05
2.00520e+00 -1.88833e-05 6.54490e-08 3.92694e-05 5.19414e-05
2.03124e+00 -1.93159e-05 6.69483e-08 4.01690e-05 5.31314e-05
2.05729e+00 -1.97279e-05 6.83759e-08 4.10256e-05 5.42646e-05
2.08333e+00 -2.01187e-05 6.97304e-08 4.18382e-05 5.53396e-05
2.10937e+00 -2.04880e-05 7.10103e-08 4.26062e-05 5.63554e-05
2.13541e+00 -2.08353e-05 7.22143e-08 4.33286e-05 5.73108e-05
2.16145e+00 -2.11604e-05 7.33410e-08 4.40046e-05 5.82049e-05
2.18750e+00 -2.14627e-05 7.43892e-08 4.46335e-05 5.90366e-05
2.21354e+00 -2.17421e-05 7.53580e-08 4.52148e-05 5.98051e-05
2.23958e+00 -2.19982e-05 7.62463e-08 4.57478e-05 6.05096e-05
2.26562e+00 -2.22308e-05 7.70535e-08 4.62321e-05 6.11493e-05
2.29166e+00 -2.24395e-05 7.77776e-08 4.66666e-05 6.17235e-05
2.31771e+00 -2.26243e-05 7.84159e-08 4.70496e-05 6.22316e-05
2.34375e+00 -2.27849e-05 7.89701e-08 4.73821e-05 6.26731e-05
2.36979e+00 -2.29209e-05 7.94439e-08 4.76663e-05 6.30474e-05
2.39583e+00 -2.30324e-05 7.98313e-08 4.78988e-05 6.33542e-05
2.42187e+00 -2.31193e-05 8.01295e-08 4.80777e-05 6.35932e-05
2.44792e+00 -2.31814e-05 8.03451e-08 4.82071e-05 6.37641e-05
2.47396e+00 -2.32187e-05 8.04750e-08 4.82850e-05 6.38667e-05
2.50000e+00 -2.32312e-05 8.05174e-08 4.83104e-05 6.39009e-05
