0.00000e+00 -3.22010e-05 -6.53442e-09 -2.50922e-05 9.99986e-05
2.60422e-02 -3.21835e-05 -6.55098e-09 -2.51558e-05 9.99451e-05
5.20843e-02 -3.21320e-05 -6.56418e-09 -2.52064e-05 9.97845e-05
7.81265e-02 -3.20461e-05 -6.56187e-09 -2.51976e-05 9.95171e-05
1.04169e-01 -3.19252e-05 -6.54937e-09 -2.51496e-05 9.91431e-05
1.30211e-01 -3.17707e-05 -6.53593e-09 -2.50980e-05 9.86629e-05
1.56253e-01 -3.15824e-05 -6.51271e-09 -2.50088e-05 9.80771e-05
1.82295e-01 -3.13598e-05 -6.48278e-09 -2.48939e-05 9.73863e-05
2.08337e-01 -3.11035e-05 -6.44360e-09 -2.47434e-05 9.65911e-05
2.34380e-01 -3.08142e-05 -6.39829e-09 -2.45694e-05 9.56926e-05
2.60422e-01 -3.04918e-05 -6.34397e-09 -2.43608e-05 9.46915e-05
2.86464e-01 -3.01369e-05 -6.28320e-09 -2.41275e-05 9.35891e-05
3.12506e-01 -2.97496e-05 -6.21390e-09 -2.38614e-05 9.23864e-05
3.38548e-01 -2.93304e-05 -6.13816e-09 -2.35705e-05 9.10848e-05
3.64590e-01 -2.88799e-05 -6.05404e-09 -2.32475e-05 8.96857e-05
3.90632e-01 -2.83984e-05 -5.96406e-09 -2.29020e-05 8.81905e-05
4.16674e-01 -2.78865e-05 -5.86543e-09 -2.25233e-05 8.66009e-05
4.42717e-01 -2.73447e-05 -5.76063e-09 -2.21208e-05 8.49185e-05
4.68759e-01 -2.67737e-05 -5.64765e-09 -2.16870e-05 8.31452e-05
4.94801e-01 -2.61740e-05 -5.52894e-09 -2.12311e-05 8.12829e-05
5.20843e-01 -2.55462e-05 -5.40298e-09 -2.07474e-05 7.93335e-05
5.46885e-01 -2.48911e-05 -5.27168e-09 -2.02433e-05 7.72992e-05
5.72927e-01 -2.42094e-05 -5.13365e-09 -1.97132e-05 7.51821e-05
5.98969e-01 -2.35017e-05 -4.99040e-09 -1.91631e-05 7.29845e-05
6.25011e-01 -2.27688e-05 -4.84080e-09 -1.85887e-05 7.07087e-05
6.51053e-01 -2.20116e-05 -4.68662e-09 -1.79966e-05 6.83573e-05
6.77095e-01 -2.12308e-05 -4.52654e-09 -1.73819e-05 6.59326e-05
7.03137e-01 -2.04273e-05 -4.36147e-09 -1.67480e-05 6.34373e-05
7.29179e-01 -1.96018e-05 -4.19097e-09 -1.60933e-05 6.08741e-05
7.55221e-01 -1.87554e-05 -4.01638e-09 -1.54229e-05 5.82457e-05
7.81263e-01 -1.78890e-05 -3.83683e-09 -1.47334e-05 5.55549e-05
8.07305e-01 -1.70033e-05 -3.65242e-09 -1.40253e-05 5.28047e-05
8.33347e-01 -1.60995e-05 -3.46323e-09 -1.32988e-05 4.99979e-05
8.59389e-01 -1.51783e-05 -3.26790e-09 -1.25487e-05 4.71375e-05
8.85431e-01 -1.42410e-05 -3.06826e-09 -1.17821e-05 4.42267e-05
9.11472e-01 -1.32884e-05 -2.86477e-09 -1.10007e-05 4.12685e-05
9.37514e-01 -1.23215e-05 -2.65770e-09 -1.02056e-05 3.82662e-05
9.63556e-01 -1.13415e-05 -2.44816e-09 -9.40094e-06 3.52228e-05
9.89598e-01 -1.03493e-05 -2.23557e-09 -8.58457e-06 3.21418e-05
1.01564e+00 -9.34607e-06 -2.02040e-09 -7.75835e-06 2.90263e-05
1.04168e+00 -8.33280e-06 -1.80271e-09 -6.92241e-06 2.58797e-05
1.06772e+00 -7.31061e-06 -1.58424e-09 -6.08348e-06 2.27055e-05
1.09377e+00 -6.28058e-06 -1.36376e-09 -5.23685e-06 1.95069e-05
1.11981e+00 -5.24383e-06 -1.14166e-09 -4.38399e-06 1.62874e-05
1.14585e+00 -4.20146e-06 -9.18180e-10 -3.52581e-06 1.30505e-05
1.17189e+00 -3.15460e-06 -6.94189e-10 -2.66569e-06 9.79965e-06
1.19793e+00 -2.10435e-06 -4.69458e-10 -1.80272e-06 6.53828e-06
1.22397e+00 -1.05185e-06 -2.44004e-10 -9.36975e-07 3.26992e-06
1.25002e+00 1.77431e-09 -1.82113e-11 -6.99315e-08 -1.95021e-09
1.27606e+00 1.05540e-06 2.07753e-10 7.97773e-07 -3.27381e-06
1.30210e+00 2.10789e-06 4.33522e-10 1.66472e-06 -6.54216e-06
1.32814e+00 3.15813e-06 6.58611e-10 2.52906e-06 -9.80351e-06
1.35418e+00 4.20498e-06 8.82770e-10 3.38984e-06 -1.30544e-05
1.38022e+00 5.24734e-06 1.10553e-09 4.24523e-06 -1.62912e-05
1.40627e+00 6.28407e-06 1.32684e-09 5.09508e-06 -1.95106e-05
1.43231e+00 7.31408e-06 1.54639e-09 5.93815e-06 -2.27092e-05
1.45835e+00 8.33626e-06 1.76391e-09 6.77342e-06 -2.58834e-05
1.48439e+00 9.34951e-06 1.97936e-09 7.60075e-06 -2.90299e-05
1.51043e+00 1.03528e-05 2.19228e-09 8.41836e-06 -3.21453e-05
1.53647e+00 1.13449e-05 2.40267e-09 9.22624e-06 -3.52262e-05
1.56251e+00 1.23249e-05 2.60996e-09 1.00222e-05 -3.82695e-05
1.58856e+00 1.32917e-05 2.81549e-09 1.08115e-05 -4.12718e-05
1.61460e+00 1.42443e-05 3.01748e-09 1.15871e-05 -4.42298e-05
1.64064e+00 1.51817e-05 3.21651e-09 1.23514e-05 -4.71405e-05
1.66668e+00 1.61028e-05 3.41164e-09 1.31007e-05 -5.00008e-05
1.69272e+00 1.70066e-05 3.60342e-09 1.38371e-05 -5.28075e-05
1.71876e+00 1.78922e-05 3.79076e-09 1.45565e-05 -5.55576e-05
1.74480e+00 1.87587e-05 3.97405e-09 1.52603e-05 -5.82483e-05
1.77085e+00 1.96050e-05 4.15222e-09 1.59445e-05 -6.08765e-05
1.79689e+00 2.04304e-05 4.32731e-09 1.66169e-05 -6.34396e-05
1.82293e+00 2.12339e-05 4.49679e-09 1.72677e-05 -6.59348e-05
1.84897e+00 2.20147e-05 4.66101e-09 1.78983e-05 -6.83593e-05
1.87501e+00 2.27719e-05 4.81910e-09 1.85054e-05 -7.07107e-05
1.90105e+00 2.35047e-05 4.97332e-09 1.90976e-05 -7.29863e-05
1.92709e+00 2.42123e-05 5.12108e-09 1.96649e-05 -7.51838e-05
1.95313e+00 2.48941e-05 5.26243e-09 2.02077e-05 -7.73008e-05
1.97918e+00 2.55491e-05 5.39697e-09 2.07244e-05 -7.93350e-05
2.00522e+00 2.61768e-05 5.52658e-09 2.12221e-05 -8.12842e-05
2.03126e+00 2.67765e-05 5.64933e-09 2.16934e-05 -8.31464e-05
2.05730e+00 2.73475e-05 5.76512e-09 2.21381e-05 -8.49196e-05
2.08334e+00 2.78893e-05 5.87390e-09 2.25558e-05 -8.66018e-05
2.10938e+00 2.84011e-05 5.97532e-09 2.29452e-05 -8.81913e-05
2.13542e+00 2.88825e-05 6.06933e-09 2.33062e-05 -8.96864e-05
2.16146e+00 2.93330e-05 6.15681e-09 2.36422e-05 -9.10855e-05
2.18751e+00 2.97521e-05 6.23648e-09 2.39481e-05 -9.23870e-05
2.21355e+00 3.01394e-05 6.31211e-09 2.42385e-05 -9.35895e-05
2.23959e+00 3.04943e-05 6.37939e-09 2.44969e-05 -9.46919e-05
2.26563e+00 3.08167e-05 6.44091e-09 2.47331e-05 -9.56929e-05
2.29167e+00 3.11060e-05 6.49375e-09 2.49360e-05 -9.65914e-05
2.31771e+00 3.13622e-05 6.54358e-09 2.51274e-05 -9.73865e-05
2.34375e+00 3.15848e-05 6.58420e-09 2.52833e-05 -9.80773e-05
2.36979e+00 3.17732e-05 6.62156e-09 2.54268e-05 -9.86630e-05
2.39584e+00 3.19277e-05 6.64841e-09 2.55299e-05 -9.91432e-05
2.42188e+00 3.20485e-05 6.67824e-09 2.56445e-05 -9.95171e-05
2.44792e+00 3.21344e-05 6.69520e-09 2.57096e-05 -9.97845e-05
2.47396e+00 3.21860e-05 6.70137e-09 2.57332e-05 -9.99451e-05
2.50000e+00 3.22035e-05 6.70210e-09 2.57361e-05 -9.99986e-05
