0.00000e+00 3.14010e-05 1.36629e-09 1.04931e-05 -9.99986e-05
2.60412e-02 3.13839e-05 1.41207e-09 1.08447e-05 -9.99451e-05
5.20823e-02 3.13337e-05 1.46577e-09 1.12572e-05 -9.97845e-05
7.81235e-02 3.12499e-05 1.52673e-09 1.17253e-05 -9.95171e-05
1.04165e-01 3.11321e-05 1.58240e-09 1.21528e-05 -9.91432e-05
1.30206e-01 3.09814e-05 1.65457e-09 1.27071e-05 -9.86630e-05
1.56247e-01 3.07978e-05 1.72126e-09 1.32193e-05 -9.80773e-05
1.82288e-01 3.05807e-05 1.78988e-09 1.37462e-05 -9.73865e-05
2.08329e-01 3.03309e-05 1.85325e-09 1.42330e-05 -9.65914e-05
2.34371e-01 3.00488e-05 1.92050e-09 1.47494e-05 -9.56929e-05
2.60412e-01 2.97345e-05 1.98220e-09 1.52233e-05 -9.46919e-05
2.86453e-01 2.93884e-05 2.04164e-09 1.56798e-05 -9.35896e-05
3.12494e-01 2.90107e-05 2.09511e-09 1.60905e-05 -9.23870e-05
3.38535e-01 2.86021e-05 2.14468e-09 1.64711e-05 -9.10855e-05
3.64577e-01 2.81627e-05 2.18816e-09 1.68051e-05 -8.96864e-05
3.90618e-01 2.76933e-05 2.22481e-09 1.70866e-05 -8.81914e-05
4.16659e-01 2.71941e-05 2.25503e-09 1.73186e-05 -8.66018e-05
4.42700e-01 2.66659e-05 2.26878e-09 1.74243e-05 -8.49196e-05
4.68742e-01 2.61091e-05 2.27629e-09 1.74819e-05 -8.31464e-05
4.94783e-01 2.55243e-05 2.27698e-09 1.74872e-05 -8.12842e-05
5.20824e-01 2.49122e-05 2.27207e-09 1.74495e-05 -7.93350e-05
5.46865e-01 2.42734e-05 2.26107e-09 1.73650e-05 -7.73008e-05
5.72907e-01 2.36086e-05 2.24488e-09 1.72407e-05 -7.51838e-05
5.98948e-01 2.29186e-05 2.22389e-09 1.70795e-05 -7.29863e-05
6.24989e-01 2.22040e-05 2.19804e-09 1.68810e-05 -7.07107e-05
6.51031e-01 2.14656e-05 2.16801e-09 1.66504e-05 -6.83593e-05
6.77072e-01 2.07042e-05 2.13343e-09 1.63848e-05 -6.59348e-05
7.03113e-01 1.99207e-05 2.09417e-09 1.60832e-05 -6.34396e-05
7.29155e-01 1.91158e-05 2.05068e-09 1.57492e-05 -6.08765e-05
7.55196e-01 1.82905e-05 2.00216e-09 1.53766e-05 -5.82482e-05
7.81237e-01 1.74456e-05 1.94979e-09 1.49744e-05 -5.55576e-05
8.07279e-01 1.65820e-05 1.89153e-09 1.45270e-05 -5.28074e-05
8.33320e-01 1.57006e-05 1.82949e-09 1.40505e-05 -5.00007e-05
8.59362e-01 1.48024e-05 1.75675e-09 1.34918e-05 -4.71405e-05
8.85403e-01 1.38884e-05 1.68050e-09 1.29062e-05 -4.42298e-05
9.11445e-01 1.29594e-05 1.59948e-09 1.22840e-05 -4.12717e-05
9.37486e-01 1.20166e-05 1.51551e-09 1.16391e-05 -3.82694e-05
9.63527e-01 1.10610e-05 1.42798e-09 1.09669e-05 -3.52262e-05
9.89569e-01 1.00935e-05 1.33787e-09 1.02749e-05 -3.21452e-05
1.01561e+00 9.11514e-06 1.24476e-09 9.55975e-06 -2.90298e-05
1.04165e+00 8.12705e-06 1.14940e-09 8.82738e-06 -2.58833e-05
1.06769e+00 7.13026e-06 1.05205e-09 8.07977e-06 -2.27091e-05
1.09374e+00 6.12583e-06 9.52792e-10 7.31744e-06 -1.95106e-05
1.11978e+00 5.11484e-06 8.50930e-10 6.53514e-06 -1.62912e-05
1.14582e+00 4.09837e-06 7.47499e-10 5.74079e-06 -1.30543e-05
1.17186e+00 3.07750e-06 6.41056e-10 4.92331e-06 -9.80346e-06
1.19790e+00 2.05334e-06 5.33505e-10 4.09732e-06 -6.54212e-06
1.22394e+00 1.02698e-06 4.22437e-10 3.24431e-06 -3.27376e-06
1.24998e+00 -4.89355e-10 3.10489e-10 2.38455e-06 -1.90202e-09
1.27603e+00 -1.02795e-06 1.90609e-10 1.46387e-06 3.26996e-06
1.30207e+00 -2.05432e-06 7.02454e-11 5.39484e-07 6.53833e-06
1.32811e+00 -3.07849e-06 -5.20881e-11 -4.00036e-07 9.79970e-06
1.35415e+00 -4.09937e-06 -1.74241e-10 -1.33817e-06 1.30506e-05
1.38019e+00 -5.11586e-06 -2.97685e-10 -2.28622e-06 1.62875e-05
1.40624e+00 -6.12687e-06 -4.20462e-10 -3.22915e-06 1.95069e-05
1.43228e+00 -7.13132e-06 -5.42774e-10 -4.16851e-06 2.27055e-05
1.45832e+00 -8.12814e-06 -6.63824e-10 -5.09817e-06 2.58798e-05
1.48436e+00 -9.11626e-06 -7.83768e-10 -6.01934e-06 2.90263e-05
1.51040e+00 -1.00946e-05 -9.01972e-10 -6.92715e-06 3.21418e-05
1.53644e+00 -1.10622e-05 -1.01805e-09 -7.81859e-06 3.52229e-05
1.56249e+00 -1.20179e-05 -1.13180e-09 -8.69222e-06 3.82662e-05
1.58853e+00 -1.29607e-05 -1.24270e-09 -9.54395e-06 4.12686e-05
1.61457e+00 -1.38897e-05 -1.35092e-09 -1.03750e-05 4.42267e-05
1.64061e+00 -1.48038e-05 -1.45554e-09 -1.11786e-05 4.71376e-05
1.66665e+00 -1.57020e-05 -1.55720e-09 -1.19593e-05 4.99979e-05
1.69270e+00 -1.65835e-05 -1.65192e-09 -1.26867e-05 5.28047e-05
1.71874e+00 -1.74471e-05 -1.74323e-09 -1.33880e-05 5.55550e-05
1.74478e+00 -1.82921e-05 -1.83026e-09 -1.40564e-05 5.82457e-05
1.77082e+00 -1.91175e-05 -1.91334e-09 -1.46944e-05 6.08741e-05
1.79686e+00 -1.99224e-05 -1.99218e-09 -1.52999e-05 6.34373e-05
1.82291e+00 -2.07060e-05 -2.06669e-09 -1.58722e-05 6.59326e-05
1.84895e+00 -2.14674e-05 -2.13615e-09 -1.64057e-05 6.83573e-05
1.87499e+00 -2.22059e-05 -2.20082e-09 -1.69023e-05 7.07088e-05
1.90103e+00 -2.29205e-05 -2.26025e-09 -1.73587e-05 7.29845e-05
1.92707e+00 -2.36106e-05 -2.31460e-09 -1.77761e-05 7.51821e-05
1.95312e+00 -2.42754e-05 -2.36281e-09 -1.81464e-05 7.72992e-05
1.97916e+00 -2.49142e-05 -2.40560e-09 -1.84750e-05 7.93336e-05
2.00520e+00 -2.55264e-05 -2.44083e-09 -1.87456e-05 8.12829e-05
2.03124e+00 -2.61112e-05 -2.47049e-09 -1.89734e-05 8.31452e-05
2.05728e+00 -2.66681e-05 -2.49242e-09 -1.91418e-05 8.49185e-05
2.08333e+00 -2.71964e-05 -2.50858e-09 -1.92659e-05 8.66009e-05
2.10937e+00 -2.76955e-05 -2.51132e-09 -1.92870e-05 8.81905e-05
2.13541e+00 -2.81650e-05 -2.50797e-09 -1.92612e-05 8.96857e-05
2.16145e+00 -2.86044e-05 -2.49768e-09 -1.91822e-05 9.10848e-05
2.18749e+00 -2.90131e-05 -2.48112e-09 -1.90550e-05 9.23864e-05
2.21354e+00 -2.93907e-05 -2.45789e-09 -1.88766e-05 9.35891e-05
2.23958e+00 -2.97369e-05 -2.42815e-09 -1.86482e-05 9.46915e-05
2.26562e+00 -3.00512e-05 -2.39345e-09 -1.83817e-05 9.56926e-05
2.29166e+00 -3.03333e-05 -2.35233e-09 -1.80659e-05 9.65911e-05
2.31770e+00 -3.05832e-05 -2.31021e-09 -1.77424e-05 9.73863e-05
2.34375e+00 -3.08003e-05 -2.26168e-09 -1.73697e-05 9.80771e-05
2.36979e+00 -3.09839e-05 -2.21334e-09 -1.69984e-05 9.86629e-05
2.39583e+00 -3.11346e-05 -2.15828e-09 -1.65756e-05 9.91431e-05
2.42187e+00 -3.12524e-05 -2.11592e-09 -1.62502e-05 9.95171e-05
2.44792e+00 -3.13362e-05 -2.06726e-09 -1.58766e-05 9.97845e-05
2.47396e+00 -3.13865e-05 -2.02434e-09 -1.55469e-05 9.99451e-05
2.50000e+00 -3.14035e-05 -1.98661e-09 -1.52571e-05 9.99986e-05
