0.00000e+00 1.69094e-05 2.81253e-07 2.76483e-01 -5.31410e-05
2.60414e-02 1.69003e-05 2.81100e-07 2.76332e-01 -5.31126e-05
5.20828e-02 1.68734e-05 2.80647e-07 2.75887e-01 -5.30273e-05
7.81242e-02 1.68286e-05 2.79891e-07 2.75144e-01 -5.28851e-05
1.04166e-01 1.67650e-05 2.78838e-07 2.74109e-01 -5.26864e-05
1.30207e-01 1.66835e-05 2.77495e-07 2.72788e-01 -5.24313e-05
1.56248e-01 1.65848e-05 2.75848e-07 2.71169e-01 -5.21200e-05
1.82290e-01 1.64683e-05 2.73896e-07 2.69251e-01 -5.17529e-05
2.08331e-01 1.63338e-05 2.71655e-07 2.67048e-01 -5.13303e-05
2.34373e-01 1.61819e-05 2.69129e-07 2.64565e-01 -5.08528e-05
2.60414e-01 1.60125e-05 2.66315e-07 2.61799e-01 -5.03209e-05
2.86455e-01 1.58261e-05 2.63216e-07 2.58752e-01 -4.97351e-05
3.12497e-01 1.56227e-05 2.59834e-07 2.55427e-01 -4.90960e-05
3.38538e-01 1.54026e-05 2.56174e-07 2.51829e-01 -4.84043e-05
3.64580e-01 1.51660e-05 2.52239e-07 2.47961e-01 -4.76608e-05
3.90621e-01 1.49131e-05 2.48034e-07 2.43827e-01 -4.68663e-05
4.16663e-01 1.46443e-05 2.43563e-07 2.39432e-01 -4.60216e-05
4.42704e-01 1.43598e-05 2.38831e-07 2.34781e-01 -4.51276e-05
4.68745e-01 1.40600e-05 2.33844e-07 2.29878e-01 -4.41853e-05
4.94787e-01 1.37451e-05 2.28606e-07 2.24728e-01 -4.31957e-05
5.20828e-01 1.34155e-05 2.23123e-07 2.19339e-01 -4.21598e-05
5.46870e-01 1.30715e-05 2.17401e-07 2.13714e-01 -4.10788e-05
5.72911e-01 1.27135e-05 2.11447e-07 2.07861e-01 -3.99538e-05
5.98953e-01 1.23419e-05 2.05266e-07 2.01785e-01 -3.87860e-05
6.24994e-01 1.19571e-05 1.98865e-07 1.95493e-01 -3.75766e-05
6.51036e-01 1.15594e-05 1.92252e-07 1.88991e-01 -3.63271e-05
6.77077e-01 1.11494e-05 1.85432e-07 1.82287e-01 -3.50386e-05
7.03119e-01 1.07275e-05 1.78414e-07 1.75388e-01 -3.37126e-05
7.29160e-01 1.02940e-05 1.71205e-07 1.68301e-01 -3.23505e-05
7.55202e-01 9.84958e-06 1.63813e-07 1.61034e-01 -3.09538e-05
7.81243e-01 9.39457e-06 1.56245e-07 1.53595e-01 -2.95239e-05
8.07285e-01 8.92949e-06 1.48510e-07 1.45991e-01 -2.80625e-05
8.33326e-01 8.45486e-06 1.40616e-07 1.38231e-01 -2.65709e-05
8.59368e-01 7.97117e-06 1.32571e-07 1.30323e-01 -2.50509e-05
8.85409e-01 7.47895e-06 1.24384e-07 1.22275e-01 -2.35041e-05
9.11451e-01 6.97872e-06 1.16064e-07 1.14096e-01 -2.19321e-05
9.37492e-01 6.47101e-06 1.07620e-07 1.05795e-01 -2.03366e-05
9.63534e-01 5.95638e-06 9.90603e-08 9.73802e-02 -1.87194e-05
9.89576e-01 5.43536e-06 9.03947e-08 8.88616e-02 -1.70821e-05
1.01562e+00 4.90852e-06 8.16324e-08 8.02479e-02 -1.54265e-05
1.04166e+00 4.37642e-06 7.27826e-08 7.15482e-02 -1.37544e-05
1.06770e+00 3.83964e-06 6.38548e-08 6.27718e-02 -1.20676e-05
1.09374e+00 3.29874e-06 5.48586e-08 5.39282e-02 -1.03678e-05
1.11978e+00 2.75431e-06 4.58036e-08 4.50268e-02 -8.65695e-06
1.14583e+00 2.20693e-06 3.66996e-08 3.60772e-02 -6.93682e-06
1.17187e+00 1.65718e-06 2.75563e-08 2.70889e-02 -5.20926e-06
1.19791e+00 1.10566e-06 1.83834e-08 1.80716e-02 -3.47612e-06
1.22395e+00 5.52956e-07 9.19078e-09 9.03491e-03 -1.73926e-06
1.24999e+00 -3.44200e-10 -1.16473e-11 -1.14498e-05 -5.35238e-10
1.27603e+00 -5.53647e-07 -9.21401e-09 -9.05774e-03 1.73819e-06
1.30208e+00 -1.10636e-06 -1.84065e-08 -1.80943e-02 3.47506e-06
1.32812e+00 -1.65789e-06 -2.75793e-08 -2.71115e-02 5.20820e-06
1.35416e+00 -2.20764e-06 -3.67226e-08 -3.60998e-02 6.93577e-06
1.38020e+00 -2.75503e-06 -4.58266e-08 -4.50494e-02 8.65591e-06
1.40624e+00 -3.29947e-06 -5.48815e-08 -5.39507e-02 1.03668e-05
1.43228e+00 -3.84038e-06 -6.38777e-08 -6.27943e-02 1.20666e-05
1.45833e+00 -4.37718e-06 -7.28055e-08 -7.15707e-02 1.37534e-05
1.48437e+00 -4.90929e-06 -8.16554e-08 -8.02705e-02 1.54255e-05
1.51041e+00 -5.43615e-06 -9.04180e-08 -8.88845e-02 1.70811e-05
1.53645e+00 -5.95719e-06 -9.90837e-08 -9.74032e-02 1.87185e-05
1.56249e+00 -6.47184e-06 -1.07643e-07 -1.05818e-01 2.03357e-05
1.58853e+00 -6.97957e-06 -1.16088e-07 -1.14119e-01 2.19312e-05
1.61458e+00 -7.47982e-06 -1.24408e-07 -1.22298e-01 2.35032e-05
1.64062e+00 -7.97207e-06 -1.32595e-07 -1.30346e-01 2.50501e-05
1.66666e+00 -8.45577e-06 -1.40640e-07 -1.38255e-01 2.65701e-05
1.69270e+00 -8.93042e-06 -1.48535e-07 -1.46015e-01 2.80617e-05
1.71874e+00 -9.39551e-06 -1.56270e-07 -1.53619e-01 2.95232e-05
1.74479e+00 -9.85054e-06 -1.63838e-07 -1.61059e-01 3.09531e-05
1.77083e+00 -1.02950e-05 -1.71230e-07 -1.68326e-01 3.23499e-05
1.79687e+00 -1.07285e-05 -1.78439e-07 -1.75413e-01 3.37120e-05
1.82291e+00 -1.11504e-05 -1.85457e-07 -1.82312e-01 3.50380e-05
1.84895e+00 -1.15605e-05 -1.92277e-07 -1.89016e-01 3.63265e-05
1.87499e+00 -1.19581e-05 -1.98891e-07 -1.95517e-01 3.75761e-05
1.90104e+00 -1.23429e-05 -2.05291e-07 -2.01809e-01 3.87855e-05
1.92708e+00 -1.27146e-05 -2.11472e-07 -2.07885e-01 3.99533e-05
1.95312e+00 -1.30726e-05 -2.17426e-07 -2.13739e-01 4.10784e-05
1.97916e+00 -1.34166e-05 -2.23148e-07 -2.19363e-01 4.21594e-05
2.00520e+00 -1.37462e-05 -2.28630e-07 -2.24753e-01 4.31953e-05
2.03125e+00 -1.40611e-05 -2.33868e-07 -2.29902e-01 4.41850e-05
2.05729e+00 -1.43610e-05 -2.38856e-07 -2.34805e-01 4.51273e-05
2.08333e+00 -1.46455e-05 -2.43588e-07 -2.39456e-01 4.60213e-05
2.10937e+00 -1.49143e-05 -2.48058e-07 -2.43851e-01 4.68661e-05
2.13541e+00 -1.51671e-05 -2.52263e-07 -2.47984e-01 4.76606e-05
2.16145e+00 -1.54037e-05 -2.56197e-07 -2.51852e-01 4.84041e-05
2.18750e+00 -1.56239e-05 -2.59857e-07 -2.55450e-01 4.90958e-05
2.21354e+00 -1.58273e-05 -2.63239e-07 -2.58774e-01 4.97349e-05
2.23958e+00 -1.60137e-05 -2.66338e-07 -2.61821e-01 5.03208e-05
2.26562e+00 -1.61831e-05 -2.69151e-07 -2.64586e-01 5.08527e-05
2.29166e+00 -1.63350e-05 -2.71677e-07 -2.67069e-01 5.13303e-05
2.31771e+00 -1.64695e-05 -2.73917e-07 -2.69272e-01 5.17528e-05
2.34375e+00 -1.65861e-05 -2.75868e-07 -2.71190e-01 5.21199e-05
2.36979e+00 -1.66848e-05 -2.77517e-07 -2.72810e-01 5.24312e-05
2.39583e+00 -1.67662e-05 -2.78861e-07 -2.74132e-01 5.26864e-05
2.42187e+00 -1.68297e-05 -2.79913e-07 -2.75166e-01 5.28851e-05
2.44792e+00 -1.68746e-05 -2.80668e-07 -2.75908e-01 5.30272e-05
2.47396e+00 -1.69015e-05 -2.81121e-07 -2.76353e-01 5.31126e-05
2.50000e+00 -1.69107e-05 -2.81274e-07 -2.76504e-01 5.31410e-05
