0.00000e+00 2.87765e-05 1.15774e-07 2.22285e-04 -9.49433e-05
2.60412e-02 2.87612e-05 1.15698e-07 2.22140e-04 -9.48924e-05
5.20824e-02 2.87154e-05 1.15500e-07 2.21760e-04 -9.47400e-05
7.81236e-02 2.86387e-05 1.15176e-07 2.21137e-04 -9.44861e-05
1.04165e-01 2.85309e-05 1.14728e-07 2.20278e-04 -9.41310e-05
1.30206e-01 2.83929e-05 1.14162e-07 2.19192e-04 -9.36752e-05
1.56247e-01 2.82248e-05 1.13470e-07 2.17863e-04 -9.31190e-05
1.82289e-01 2.80259e-05 1.12657e-07 2.16301e-04 -9.24631e-05
2.08330e-01 2.77970e-05 1.11725e-07 2.14511e-04 -9.17083e-05
2.34371e-01 2.75385e-05 1.10673e-07 2.12492e-04 -9.08552e-05
2.60412e-01 2.72505e-05 1.09502e-07 2.10245e-04 -8.99048e-05
2.86453e-01 2.69333e-05 1.08215e-07 2.07773e-04 -8.88582e-05
3.12495e-01 2.65873e-05 1.06812e-07 2.05079e-04 -8.77164e-05
3.38536e-01 2.62128e-05 1.05296e-07 2.02169e-04 -8.64807e-05
3.64577e-01 2.58101e-05 1.03668e-07 1.99042e-04 -8.51524e-05
3.90618e-01 2.53799e-05 1.01929e-07 1.95704e-04 -8.37329e-05
4.16660e-01 2.49225e-05 1.00082e-07 1.92157e-04 -8.22237e-05
4.42701e-01 2.44383e-05 9.81311e-08 1.88412e-04 -8.06265e-05
4.68742e-01 2.39280e-05 9.60753e-08 1.84465e-04 -7.89430e-05
4.94784e-01 2.33921e-05 9.39176e-08 1.80322e-04 -7.71749e-05
5.20825e-01 2.28311e-05 9.16594e-08 1.75986e-04 -7.53242e-05
5.46866e-01 2.22457e-05 8.93040e-08 1.71464e-04 -7.33928e-05
5.72908e-01 2.16364e-05 8.68531e-08 1.66758e-04 -7.13828e-05
5.98949e-01 2.10040e-05 8.43093e-08 1.61874e-04 -6.92965e-05
6.24990e-01 2.03491e-05 8.16753e-08 1.56817e-04 -6.71359e-05
6.51032e-01 1.96723e-05 7.89541e-08 1.51592e-04 -6.49034e-05
6.77073e-01 1.89745e-05 7.61485e-08 1.46205e-04 -6.26014e-05
7.03114e-01 1.82564e-05 7.32614e-08 1.40662e-04 -6.02324e-05
7.29156e-01 1.75188e-05 7.02959e-08 1.34968e-04 -5.77988e-05
7.55197e-01 1.67623e-05 6.72556e-08 1.29131e-04 -5.53034e-05
7.81238e-01 1.59880e-05 6.41434e-08 1.23155e-04 -5.27488e-05
8.07280e-01 1.51965e-05 6.09629e-08 1.17049e-04 -5.01377e-05
8.33321e-01 1.43887e-05 5.77174e-08 1.10817e-04 -4.74729e-05
8.59363e-01 1.35655e-05 5.44113e-08 1.04470e-04 -4.47572e-05
8.85404e-01 1.27278e-05 5.10473e-08 9.80107e-05 -4.19937e-05
9.11446e-01 1.18764e-05 4.76288e-08 9.14474e-05 -3.91851e-05
9.37487e-01 1.10124e-05 4.41596e-08 8.47863e-05 -3.63346e-05
9.63529e-01 1.01365e-05 4.06433e-08 7.80352e-05 -3.34452e-05
9.89570e-01 9.24978e-06 3.70836e-08 7.12005e-05 -3.05200e-05
1.01561e+00 8.35315e-06 3.34842e-08 6.42897e-05 -2.75621e-05
1.04165e+00 7.44758e-06 2.98490e-08 5.73102e-05 -2.45747e-05
1.06769e+00 6.53403e-06 2.61820e-08 5.02695e-05 -2.15609e-05
1.09374e+00 5.61347e-06 2.24870e-08 4.31750e-05 -1.85241e-05
1.11978e+00 4.68691e-06 1.87679e-08 3.60344e-05 -1.54674e-05
1.14582e+00 3.75532e-06 1.50287e-08 2.88551e-05 -1.23942e-05
1.17186e+00 2.81971e-06 1.12736e-08 2.16454e-05 -9.30770e-06
1.19790e+00 1.88108e-06 7.50651e-09 1.44125e-05 -6.21123e-06
1.22394e+00 9.40436e-07 3.73156e-09 7.16460e-06 -3.10810e-06
1.24999e+00 -1.21916e-09 -4.73736e-11 -9.09574e-08 -1.64831e-09
1.27603e+00 -9.42865e-07 -3.82524e-09 -7.34447e-06 3.10481e-06
1.30207e+00 -1.88350e-06 -7.59904e-09 -1.45902e-05 6.20795e-06
1.32811e+00 -2.82213e-06 -1.13646e-08 -2.18200e-05 9.30444e-06
1.35415e+00 -3.75773e-06 -1.51179e-08 -2.90264e-05 1.23910e-05
1.38019e+00 -4.68931e-06 -1.88551e-08 -3.62017e-05 1.54642e-05
1.40624e+00 -5.61587e-06 -2.25720e-08 -4.33383e-05 1.85209e-05
1.43228e+00 -6.53642e-06 -2.62650e-08 -5.04287e-05 2.15578e-05
1.45832e+00 -7.44998e-06 -2.99298e-08 -5.74653e-05 2.45716e-05
1.48436e+00 -8.35555e-06 -3.35629e-08 -6.44407e-05 2.75591e-05
1.51040e+00 -9.25218e-06 -3.71601e-08 -7.13474e-05 3.05170e-05
1.53645e+00 -1.01389e-05 -4.07177e-08 -7.81780e-05 3.34423e-05
1.56249e+00 -1.10148e-05 -4.42318e-08 -8.49251e-05 3.63318e-05
1.58853e+00 -1.18788e-05 -4.76988e-08 -9.15818e-05 3.91824e-05
1.61457e+00 -1.27302e-05 -5.11149e-08 -9.81405e-05 4.19910e-05
1.64061e+00 -1.35679e-05 -5.44763e-08 -1.04595e-04 4.47547e-05
1.66665e+00 -1.43911e-05 -5.77795e-08 -1.10937e-04 4.74704e-05
1.69270e+00 -1.51989e-05 -6.10205e-08 -1.17159e-04 5.01353e-05
1.71874e+00 -1.59904e-05 -6.41962e-08 -1.23257e-04 5.27465e-05
1.74478e+00 -1.67647e-05 -6.73034e-08 -1.29223e-04 5.53012e-05
1.77082e+00 -1.75211e-05 -7.03385e-08 -1.35050e-04 5.77968e-05
1.79686e+00 -1.82588e-05 -7.32986e-08 -1.40733e-04 6.02304e-05
1.82291e+00 -1.89769e-05 -7.61803e-08 -1.46266e-04 6.25995e-05
1.84895e+00 -1.96747e-05 -7.89806e-08 -1.51643e-04 6.49016e-05
1.87499e+00 -2.03514e-05 -8.16964e-08 -1.56857e-04 6.71342e-05
1.90103e+00 -2.10063e-05 -8.43250e-08 -1.61904e-04 6.92949e-05
1.92707e+00 -2.16387e-05 -8.68633e-08 -1.66777e-04 7.13814e-05
1.95312e+00 -2.22480e-05 -8.93089e-08 -1.71473e-04 7.33915e-05
1.97916e+00 -2.28334e-05 -9.16589e-08 -1.75985e-04 7.53229e-05
2.00520e+00 -2.33943e-05 -9.39113e-08 -1.80310e-04 7.71738e-05
2.03124e+00 -2.39302e-05 -9.60630e-08 -1.84441e-04 7.89419e-05
2.05728e+00 -2.44405e-05 -9.81125e-08 -1.88376e-04 8.06256e-05
2.08333e+00 -2.49246e-05 -1.00057e-07 -1.92109e-04 8.22229e-05
2.10937e+00 -2.53819e-05 -1.01896e-07 -1.95640e-04 8.37321e-05
2.13541e+00 -2.58120e-05 -1.03625e-07 -1.98960e-04 8.51517e-05
2.16145e+00 -2.62145e-05 -1.05244e-07 -2.02069e-04 8.64801e-05
2.18749e+00 -2.65889e-05 -1.06750e-07 -2.04961e-04 8.77159e-05
2.21354e+00 -2.69348e-05 -1.08143e-07 -2.07635e-04 8.88578e-05
2.23958e+00 -2.72519e-05 -1.09420e-07 -2.10086e-04 8.99045e-05
2.26562e+00 -2.75397e-05 -1.10579e-07 -2.12312e-04 9.08549e-05
2.29166e+00 -2.77980e-05 -1.11621e-07 -2.14311e-04 9.17080e-05
2.31771e+00 -2.80267e-05 -1.12543e-07 -2.16082e-04 9.24630e-05
2.34375e+00 -2.82253e-05 -1.13346e-07 -2.17624e-04 9.31189e-05
2.36979e+00 -2.83933e-05 -1.14028e-07 -2.18934e-04 9.36751e-05
2.39583e+00 -2.85311e-05 -1.14586e-07 -2.20005e-04 9.41310e-05
2.42187e+00 -2.86386e-05 -1.15025e-07 -2.20847e-04 9.44861e-05
2.44792e+00 -2.87149e-05 -1.15341e-07 -2.21455e-04 9.47400e-05
2.47396e+00 -2.87606e-05 -1.15534e-07 -2.21825e-04 9.48924e-05
2.50000e+00 -2.87758e-05 -1.15605e-07 -2.21961e-04 9.49433e-05
