0.00000e+00 2.86093e-05 1.44043e-07 3.54001e-02 -9.02594e-05
2.60412e-02 2.85943e-05 1.43951e-07 3.53774e-02 -9.02111e-05
5.20824e-02 2.85491e-05 1.43708e-07 3.53177e-02 -9.00662e-05
7.81236e-02 2.84732e-05 1.43309e-07 3.52196e-02 -8.98248e-05
1.04165e-01 2.83663e-05 1.42758e-07 3.50841e-02 -8.94873e-05
1.30206e-01 2.82293e-05 1.42059e-07 3.49124e-02 -8.90539e-05
1.56247e-01 2.80624e-05 1.41204e-07 3.47022e-02 -8.85252e-05
1.82289e-01 2.78650e-05 1.40199e-07 3.44553e-02 -8.79017e-05
2.08330e-01 2.76376e-05 1.39047e-07 3.41723e-02 -8.71840e-05
2.34371e-01 2.73808e-05 1.37747e-07 3.38527e-02 -8.63730e-05
2.60412e-01 2.70947e-05 1.36299e-07 3.34970e-02 -8.54696e-05
2.86453e-01 2.67795e-05 1.34707e-07 3.31055e-02 -8.44745e-05
3.12495e-01 2.64356e-05 1.32969e-07 3.26786e-02 -8.33891e-05
3.38536e-01 2.60634e-05 1.31091e-07 3.22170e-02 -8.22143e-05
3.64577e-01 2.56633e-05 1.29073e-07 3.17210e-02 -8.09515e-05
3.90618e-01 2.52356e-05 1.26917e-07 3.11912e-02 -7.96021e-05
4.16660e-01 2.47810e-05 1.24625e-07 3.06279e-02 -7.81674e-05
4.42701e-01 2.42996e-05 1.22207e-07 3.00335e-02 -7.66490e-05
4.68742e-01 2.37923e-05 1.19656e-07 2.94068e-02 -7.50485e-05
4.94784e-01 2.32594e-05 1.16978e-07 2.87486e-02 -7.33676e-05
5.20825e-01 2.27017e-05 1.14174e-07 2.80595e-02 -7.16082e-05
5.46866e-01 2.21196e-05 1.11249e-07 2.73405e-02 -6.97721e-05
5.72908e-01 2.15138e-05 1.08203e-07 2.65921e-02 -6.78613e-05
5.98949e-01 2.08850e-05 1.05041e-07 2.58150e-02 -6.58779e-05
6.24990e-01 2.02338e-05 1.01767e-07 2.50101e-02 -6.38238e-05
6.51032e-01 1.95610e-05 9.83821e-08 2.41784e-02 -6.17015e-05
6.77073e-01 1.88672e-05 9.48918e-08 2.33206e-02 -5.95131e-05
7.03114e-01 1.81532e-05 9.12993e-08 2.24377e-02 -5.72609e-05
7.29156e-01 1.74198e-05 8.76085e-08 2.15307e-02 -5.49474e-05
7.55197e-01 1.66677e-05 8.38239e-08 2.06006e-02 -5.25751e-05
7.81239e-01 1.58977e-05 7.99489e-08 1.96483e-02 -5.01465e-05
8.07280e-01 1.51108e-05 7.59884e-08 1.86749e-02 -4.76642e-05
8.33321e-01 1.43076e-05 7.19458e-08 1.76814e-02 -4.51309e-05
8.59363e-01 1.34891e-05 6.78279e-08 1.66694e-02 -4.25492e-05
8.85404e-01 1.26562e-05 6.36367e-08 1.56394e-02 -3.99220e-05
9.11446e-01 1.18097e-05 5.93774e-08 1.45926e-02 -3.72520e-05
9.37487e-01 1.09505e-05 5.50540e-08 1.35301e-02 -3.45421e-05
9.63529e-01 1.00796e-05 5.06716e-08 1.24531e-02 -3.17953e-05
9.89570e-01 9.19797e-06 4.62346e-08 1.13626e-02 -2.90143e-05
1.01561e+00 8.30644e-06 4.17478e-08 1.02599e-02 -2.62024e-05
1.04165e+00 7.40602e-06 3.72159e-08 9.14618e-03 -2.33623e-05
1.06769e+00 6.49767e-06 3.26440e-08 8.02259e-03 -2.04973e-05
1.09374e+00 5.58236e-06 2.80369e-08 6.89034e-03 -1.76102e-05
1.11978e+00 4.66107e-06 2.33995e-08 5.75066e-03 -1.47044e-05
1.14582e+00 3.73479e-06 1.87368e-08 4.60475e-03 -1.17828e-05
1.17186e+00 2.80451e-06 1.40542e-08 3.45395e-03 -8.84851e-06
1.19790e+00 1.87123e-06 9.35636e-09 2.29942e-03 -5.90480e-06
1.22394e+00 9.35942e-07 4.64856e-09 1.14243e-03 -2.95476e-06
1.24999e+00 -3.49803e-10 -6.44001e-11 -1.58270e-05 -1.55655e-09
1.27603e+00 -9.36661e-07 -4.77568e-09 -1.17367e-03 2.95165e-06
1.30207e+00 -1.87197e-06 -9.48197e-09 -2.33029e-03 5.90170e-06
1.32811e+00 -2.80527e-06 -1.41780e-08 -3.48438e-03 8.84543e-06
1.35415e+00 -3.73558e-06 -1.88588e-08 -4.63475e-03 1.17797e-05
1.38019e+00 -4.66188e-06 -2.35190e-08 -5.78004e-03 1.47013e-05
1.40624e+00 -5.58320e-06 -2.81540e-08 -6.91913e-03 1.76072e-05
1.43228e+00 -6.49853e-06 -3.27586e-08 -8.05075e-03 2.04943e-05
1.45832e+00 -7.40691e-06 -3.73280e-08 -9.17373e-03 2.33594e-05
1.48436e+00 -8.30736e-06 -4.18569e-08 -1.02867e-02 2.61995e-05
1.51040e+00 -9.19891e-06 -4.63408e-08 -1.13887e-02 2.90116e-05
1.53645e+00 -1.00806e-05 -5.07746e-08 -1.24784e-02 3.17925e-05
1.56249e+00 -1.09515e-05 -5.51539e-08 -1.35546e-02 3.45395e-05
1.58853e+00 -1.18107e-05 -5.94738e-08 -1.46163e-02 3.72494e-05
1.61457e+00 -1.26572e-05 -6.37298e-08 -1.56622e-02 3.99195e-05
1.64061e+00 -1.34902e-05 -6.79173e-08 -1.66913e-02 4.25468e-05
1.66665e+00 -1.43088e-05 -7.20316e-08 -1.77025e-02 4.51286e-05
1.69270e+00 -1.51120e-05 -7.60704e-08 -1.86951e-02 4.76620e-05
1.71874e+00 -1.58990e-05 -8.00274e-08 -1.96675e-02 5.01444e-05
1.74478e+00 -1.66690e-05 -8.38981e-08 -2.06188e-02 5.25731e-05
1.77082e+00 -1.74211e-05 -8.76786e-08 -2.15479e-02 5.49455e-05
1.79686e+00 -1.81546e-05 -9.13647e-08 -2.24538e-02 5.72591e-05
1.82291e+00 -1.88687e-05 -9.49524e-08 -2.33355e-02 5.95113e-05
1.84895e+00 -1.95625e-05 -9.84376e-08 -2.41920e-02 6.16998e-05
1.87499e+00 -2.02354e-05 -1.01817e-07 -2.50225e-02 6.38223e-05
1.90103e+00 -2.08866e-05 -1.05086e-07 -2.58260e-02 6.58764e-05
1.92707e+00 -2.15155e-05 -1.08242e-07 -2.66016e-02 6.78600e-05
1.95312e+00 -2.21213e-05 -1.11282e-07 -2.73486e-02 6.97709e-05
1.97916e+00 -2.27034e-05 -1.14201e-07 -2.80661e-02 7.16071e-05
2.00520e+00 -2.32612e-05 -1.16997e-07 -2.87533e-02 7.33666e-05
2.03124e+00 -2.37941e-05 -1.19668e-07 -2.94096e-02 7.50475e-05
2.05728e+00 -2.43015e-05 -1.22209e-07 -3.00342e-02 7.66481e-05
2.08333e+00 -2.47829e-05 -1.24619e-07 -3.06264e-02 7.81666e-05
2.10937e+00 -2.52377e-05 -1.26895e-07 -3.11858e-02 7.96014e-05
2.13541e+00 -2.56654e-05 -1.29035e-07 -3.17117e-02 8.09509e-05
2.16145e+00 -2.60657e-05 -1.31036e-07 -3.22034e-02 8.22138e-05
2.18749e+00 -2.64381e-05 -1.32896e-07 -3.26606e-02 8.33886e-05
2.21354e+00 -2.67821e-05 -1.34614e-07 -3.30827e-02 8.44742e-05
2.23958e+00 -2.70975e-05 -1.36187e-07 -3.34694e-02 8.54692e-05
2.26562e+00 -2.73838e-05 -1.37614e-07 -3.38201e-02 8.63728e-05
2.29166e+00 -2.76407e-05 -1.38894e-07 -3.41346e-02 8.71838e-05
2.31771e+00 -2.78683e-05 -1.40025e-07 -3.44125e-02 8.79015e-05
2.34375e+00 -2.80659e-05 -1.41008e-07 -3.46541e-02 8.85251e-05
2.36979e+00 -2.82329e-05 -1.41841e-07 -3.48588e-02 8.90538e-05
2.39583e+00 -2.83701e-05 -1.42519e-07 -3.50254e-02 8.94872e-05
2.42187e+00 -2.84771e-05 -1.43048e-07 -3.51555e-02 8.98248e-05
2.44792e+00 -2.85531e-05 -1.43425e-07 -3.52482e-02 9.00662e-05
2.47396e+00 -2.85985e-05 -1.43651e-07 -3.53036e-02 9.02111e-05
2.50000e+00 -2.86137e-05 -1.43725e-07 -3.53218e-02 9.02594e-05
