0.00000e+00 -9.14326e-05 -4.25810e-07 -7.98393e-07 9.27836e-05
2.60431e-02 -9.13834e-05 -4.25582e-07 -7.97967e-07 9.27339e-05
5.20862e-02 -9.12364e-05 -4.24901e-07 -7.96689e-07 9.25849e-05
7.81293e-02 -9.09919e-05 -4.23761e-07 -7.94551e-07 9.23368e-05
1.04172e-01 -9.06501e-05 -4.22163e-07 -7.91555e-07 9.19897e-05
1.30216e-01 -9.02109e-05 -4.20118e-07 -7.87720e-07 9.15442e-05
1.56259e-01 -8.96752e-05 -4.17625e-07 -7.83047e-07 9.10006e-05
1.82302e-01 -8.90435e-05 -4.14683e-07 -7.77531e-07 9.03595e-05
2.08345e-01 -8.83164e-05 -4.11297e-07 -7.71182e-07 8.96217e-05
2.34388e-01 -8.74948e-05 -4.07470e-07 -7.64006e-07 8.87879e-05
2.60431e-01 -8.65795e-05 -4.03206e-07 -7.56012e-07 8.78591e-05
2.86474e-01 -8.55714e-05 -3.98510e-07 -7.47207e-07 8.68361e-05
3.12517e-01 -8.44717e-05 -3.93388e-07 -7.37602e-07 8.57201e-05
3.38560e-01 -8.32816e-05 -3.87844e-07 -7.27207e-07 8.45124e-05
3.64603e-01 -8.20022e-05 -3.81885e-07 -7.16034e-07 8.32141e-05
3.90646e-01 -8.06350e-05 -3.75517e-07 -7.04094e-07 8.18267e-05
4.16689e-01 -7.91815e-05 -3.68747e-07 -6.91401e-07 8.03517e-05
4.42732e-01 -7.76432e-05 -3.61581e-07 -6.77965e-07 7.87906e-05
4.68774e-01 -7.60217e-05 -3.54029e-07 -6.63804e-07 7.71452e-05
4.94817e-01 -7.43188e-05 -3.46097e-07 -6.48933e-07 7.54171e-05
5.20860e-01 -7.25364e-05 -3.37795e-07 -6.33366e-07 7.36083e-05
5.46903e-01 -7.06762e-05 -3.29132e-07 -6.17122e-07 7.17206e-05
5.72946e-01 -6.87404e-05 -3.20115e-07 -6.00216e-07 6.97562e-05
5.98988e-01 -6.67309e-05 -3.10756e-07 -5.82668e-07 6.77170e-05
6.25031e-01 -6.46500e-05 -3.01065e-07 -5.64496e-07 6.56054e-05
6.51074e-01 -6.24999e-05 -2.91050e-07 -5.45720e-07 6.34234e-05
6.77116e-01 -6.02828e-05 -2.80725e-07 -5.26359e-07 6.11736e-05
7.03159e-01 -5.80012e-05 -2.70098e-07 -5.06434e-07 5.88582e-05
7.29202e-01 -5.56575e-05 -2.59183e-07 -4.85967e-07 5.64799e-05
7.55244e-01 -5.32542e-05 -2.47989e-07 -4.64980e-07 5.40410e-05
7.81287e-01 -5.07938e-05 -2.36530e-07 -4.43495e-07 5.15443e-05
8.07329e-01 -4.82791e-05 -2.24818e-07 -4.21534e-07 4.89923e-05
8.33372e-01 -4.57127e-05 -2.12866e-07 -3.99123e-07 4.63880e-05
8.59414e-01 -4.30973e-05 -2.00685e-07 -3.76284e-07 4.37339e-05
8.85456e-01 -4.04358e-05 -1.88289e-07 -3.53043e-07 4.10330e-05
9.11498e-01 -3.77309e-05 -1.75692e-07 -3.29423e-07 3.82882e-05
9.37541e-01 -3.49857e-05 -1.62907e-07 -3.05451e-07 3.55024e-05
9.63583e-01 -3.22030e-05 -1.49947e-07 -2.81151e-07 3.26785e-05
9.89625e-01 -2.93858e-05 -1.36827e-07 -2.56551e-07 2.98197e-05
1.01567e+00 -2.65372e-05 -1.23561e-07 -2.31676e-07 2.69290e-05
1.04171e+00 -2.36602e-05 -1.10162e-07 -2.06553e-07 2.40094e-05
1.06775e+00 -2.07578e-05 -9.66447e-08 -1.81209e-07 2.10641e-05
1.09379e+00 -1.78332e-05 -8.30245e-08 -1.55671e-07 1.80963e-05
1.11984e+00 -1.48895e-05 -6.93153e-08 -1.29966e-07 1.51090e-05
1.14588e+00 -1.19299e-05 -5.55320e-08 -1.04123e-07 1.21057e-05
1.17192e+00 -8.95748e-06 -4.16893e-08 -7.81675e-08 9.08932e-06
1.19796e+00 -5.97549e-06 -2.78020e-08 -5.21288e-08 6.06324e-06
1.22400e+00 -2.98712e-06 -1.38850e-08 -2.60344e-08 3.03068e-06
1.25004e+00 4.45565e-09 4.67645e-11 8.76834e-11 -5.11506e-09
1.27609e+00 2.99601e-06 1.39785e-08 2.62096e-08 -3.04090e-06
1.30213e+00 5.98436e-06 2.78952e-08 5.23034e-08 -6.07343e-06
1.32817e+00 8.96629e-06 4.17819e-08 7.83410e-08 -9.09945e-06
1.35421e+00 1.19386e-05 5.56238e-08 1.04295e-07 -1.21157e-05
1.38025e+00 1.48982e-05 6.94061e-08 1.30136e-07 -1.51190e-05
1.40629e+00 1.78417e-05 8.31140e-08 1.55839e-07 -1.81061e-05
1.43233e+00 2.07662e-05 9.67328e-08 1.81374e-07 -2.10738e-05
1.45838e+00 2.36684e-05 1.10248e-07 2.06715e-07 -2.40189e-05
1.48442e+00 2.65453e-05 1.23645e-07 2.31834e-07 -2.69383e-05
1.51046e+00 2.93937e-05 1.36910e-07 2.56705e-07 -2.98289e-05
1.53650e+00 3.22107e-05 1.50027e-07 2.81301e-07 -3.26875e-05
1.56254e+00 3.49932e-05 1.62985e-07 3.05596e-07 -3.55111e-05
1.58858e+00 3.77382e-05 1.75767e-07 3.29563e-07 -3.82967e-05
1.61462e+00 4.04428e-05 1.88362e-07 3.53178e-07 -4.10412e-05
1.64066e+00 4.31040e-05 2.00754e-07 3.76414e-07 -4.37419e-05
1.66670e+00 4.57191e-05 2.12932e-07 3.99247e-07 -4.63956e-05
1.69275e+00 4.82853e-05 2.24882e-07 4.21653e-07 -4.89997e-05
1.71879e+00 5.07998e-05 2.36591e-07 4.43608e-07 -5.15513e-05
1.74483e+00 5.32598e-05 2.48047e-07 4.65087e-07 -5.40478e-05
1.77087e+00 5.56628e-05 2.59237e-07 4.86069e-07 -5.64863e-05
1.79691e+00 5.80062e-05 2.70149e-07 5.06530e-07 -5.88643e-05
1.82295e+00 6.02875e-05 2.80772e-07 5.26448e-07 -6.11794e-05
1.84899e+00 6.25043e-05 2.91095e-07 5.45803e-07 -6.34289e-05
1.87503e+00 6.46541e-05 3.01106e-07 5.64573e-07 -6.56105e-05
1.90107e+00 6.67347e-05 3.10794e-07 5.82739e-07 -6.77218e-05
1.92711e+00 6.87438e-05 3.20150e-07 6.00281e-07 -6.97606e-05
1.95315e+00 7.06793e-05 3.29162e-07 6.17179e-07 -7.17247e-05
1.97919e+00 7.25392e-05 3.37823e-07 6.33418e-07 -7.36121e-05
2.00523e+00 7.43213e-05 3.46121e-07 6.48977e-07 -7.54206e-05
2.03127e+00 7.60239e-05 3.54049e-07 6.63842e-07 -7.71483e-05
2.05731e+00 7.76451e-05 3.61598e-07 6.77996e-07 -7.87935e-05
2.08336e+00 7.91832e-05 3.68760e-07 6.91425e-07 -8.03542e-05
2.10940e+00 8.06364e-05 3.75527e-07 7.04113e-07 -8.18290e-05
2.13544e+00 8.20033e-05 3.81892e-07 7.16047e-07 -8.32161e-05
2.16148e+00 8.32825e-05 3.87848e-07 7.27215e-07 -8.45141e-05
2.18752e+00 8.44724e-05 3.93389e-07 7.37604e-07 -8.57216e-05
2.21356e+00 8.55719e-05 3.98508e-07 7.47203e-07 -8.68374e-05
2.23960e+00 8.65798e-05 4.03201e-07 7.56002e-07 -8.78601e-05
2.26564e+00 8.74949e-05 4.07462e-07 7.63991e-07 -8.87888e-05
2.29168e+00 8.83164e-05 4.11286e-07 7.71162e-07 -8.96224e-05
2.31772e+00 8.90433e-05 4.14670e-07 7.77506e-07 -9.03601e-05
2.34376e+00 8.96749e-05 4.17610e-07 7.83018e-07 -9.10010e-05
2.36980e+00 9.02106e-05 4.20100e-07 7.87688e-07 -9.15445e-05
2.39584e+00 9.06496e-05 4.22144e-07 7.91520e-07 -9.19899e-05
2.42188e+00 9.09914e-05 4.23740e-07 7.94513e-07 -9.23369e-05
2.44792e+00 9.12358e-05 4.24880e-07 7.96651e-07 -9.25850e-05
2.47396e+00 9.13828e-05 4.25562e-07 7.97929e-07 -9.27339e-05
2.50000e+00 9.14319e-05 4.25788e-07 7.98353e-07 -9.27836e-05
