0.00000e+00 -1.92811e-05 -6.98942e-08 -1.04841e-05 3.67637e-05
2.60420e-02 -1.92707e-05 -6.98060e-08 -1.04709e-05 3.67441e-05
5.20839e-02 -1.92398e-05 -6.96359e-08 -1.04454e-05 3.66850e-05
7.81259e-02 -1.91888e-05 -6.93825e-08 -1.04074e-05 3.65867e-05
1.04168e-01 -1.91167e-05 -6.90514e-08 -1.03577e-05 3.64492e-05
1.30210e-01 -1.90236e-05 -6.86419e-08 -1.02963e-05 3.62727e-05
1.56252e-01 -1.89109e-05 -6.81588e-08 -1.02238e-05 3.60573e-05
1.82294e-01 -1.87779e-05 -6.76022e-08 -1.01403e-05 3.58033e-05
2.08336e-01 -1.86246e-05 -6.69736e-08 -1.00460e-05 3.55110e-05
2.34378e-01 -1.84513e-05 -6.62751e-08 -9.94126e-06 3.51807e-05
2.60420e-01 -1.82582e-05 -6.55065e-08 -9.82598e-06 3.48126e-05
2.86462e-01 -1.80456e-05 -6.46697e-08 -9.70046e-06 3.44073e-05
3.12504e-01 -1.78136e-05 -6.37652e-08 -9.56478e-06 3.39652e-05
3.38546e-01 -1.75626e-05 -6.27978e-08 -9.41967e-06 3.34867e-05
3.64587e-01 -1.72928e-05 -6.17654e-08 -9.26481e-06 3.29723e-05
3.90629e-01 -1.70045e-05 -6.06733e-08 -9.10100e-06 3.24226e-05
4.16671e-01 -1.66980e-05 -5.95179e-08 -8.92769e-06 3.18382e-05
4.42713e-01 -1.63735e-05 -5.83253e-08 -8.74880e-06 3.12197e-05
4.68755e-01 -1.60316e-05 -5.70717e-08 -8.56075e-06 3.05678e-05
4.94797e-01 -1.56725e-05 -5.57623e-08 -8.36434e-06 2.98831e-05
5.20839e-01 -1.52966e-05 -5.43948e-08 -8.15922e-06 2.91665e-05
5.46881e-01 -1.49044e-05 -5.29747e-08 -7.94621e-06 2.84186e-05
5.72923e-01 -1.44961e-05 -5.14991e-08 -7.72487e-06 2.76403e-05
5.98965e-01 -1.40724e-05 -4.99700e-08 -7.49550e-06 2.68323e-05
6.25007e-01 -1.36336e-05 -4.83883e-08 -7.25824e-06 2.59957e-05
6.51048e-01 -1.31801e-05 -4.67569e-08 -7.01353e-06 2.51312e-05
6.77090e-01 -1.27126e-05 -4.50762e-08 -6.76142e-06 2.42398e-05
7.03132e-01 -1.22315e-05 -4.33484e-08 -6.50226e-06 2.33224e-05
7.29174e-01 -1.17372e-05 -4.15749e-08 -6.23624e-06 2.23801e-05
7.55216e-01 -1.12304e-05 -3.97589e-08 -5.96384e-06 2.14138e-05
7.81258e-01 -1.07116e-05 -3.79013e-08 -5.68519e-06 2.04245e-05
8.07300e-01 -1.01813e-05 -3.60047e-08 -5.40071e-06 1.94134e-05
8.33341e-01 -9.64007e-06 -3.40708e-08 -5.11062e-06 1.83815e-05
8.59383e-01 -9.08854e-06 -3.21049e-08 -4.81573e-06 1.73300e-05
8.85425e-01 -8.52728e-06 -3.01056e-08 -4.51583e-06 1.62598e-05
9.11467e-01 -7.95688e-06 -2.80754e-08 -4.21131e-06 1.51723e-05
9.37509e-01 -7.37796e-06 -2.60157e-08 -3.90236e-06 1.40685e-05
9.63550e-01 -6.79115e-06 -2.39297e-08 -3.58945e-06 1.29497e-05
9.89592e-01 -6.19705e-06 -2.18183e-08 -3.27275e-06 1.18169e-05
1.01563e+00 -5.59632e-06 -1.96842e-08 -2.95264e-06 1.06716e-05
1.04168e+00 -4.98960e-06 -1.75293e-08 -2.62940e-06 9.51476e-06
1.06772e+00 -4.37753e-06 -1.53563e-08 -2.30344e-06 8.34777e-06
1.09376e+00 -3.76078e-06 -1.31669e-08 -1.97504e-06 7.17184e-06
1.11980e+00 -3.14000e-06 -1.09637e-08 -1.64456e-06 5.98823e-06
1.14584e+00 -2.51586e-06 -8.74872e-09 -1.31231e-06 4.79821e-06
1.17188e+00 -1.88902e-06 -6.52440e-09 -9.78659e-07 3.60305e-06
1.19793e+00 -1.26016e-06 -4.29304e-09 -6.43956e-07 2.40404e-06
1.22397e+00 -6.29946e-07 -2.05708e-09 -3.08562e-07 1.20245e-06
1.25001e+00 9.40673e-10 1.81167e-10 2.71750e-08 -4.27863e-10
1.27605e+00 6.31837e-07 2.41862e-09 3.62793e-07 -1.20330e-06
1.30209e+00 1.26206e-06 4.65360e-09 6.98040e-07 -2.40489e-06
1.32813e+00 1.89093e-06 6.88375e-09 1.03256e-06 -3.60390e-06
1.35418e+00 2.51777e-06 9.10670e-09 1.36601e-06 -4.79905e-06
1.38022e+00 3.14193e-06 1.13201e-08 1.69802e-06 -5.98906e-06
1.40626e+00 3.76272e-06 1.35217e-08 2.02825e-06 -7.17266e-06
1.43230e+00 4.37948e-06 1.57091e-08 2.35636e-06 -8.34858e-06
1.45834e+00 4.99155e-06 1.78800e-08 2.68200e-06 -9.51555e-06
1.48438e+00 5.59828e-06 2.00323e-08 3.00484e-06 -1.06723e-05
1.51043e+00 6.19901e-06 2.21635e-08 3.32453e-06 -1.18177e-05
1.53647e+00 6.79311e-06 2.42713e-08 3.64069e-06 -1.29504e-05
1.56251e+00 7.37993e-06 2.63535e-08 3.95302e-06 -1.40692e-05
1.58855e+00 7.95885e-06 2.84078e-08 4.26117e-06 -1.51730e-05
1.61459e+00 8.52924e-06 3.04320e-08 4.56480e-06 -1.62605e-05
1.64063e+00 9.09050e-06 3.24234e-08 4.86351e-06 -1.73306e-05
1.66667e+00 9.64203e-06 3.43799e-08 5.15698e-06 -1.83822e-05
1.69272e+00 1.01832e-05 3.62984e-08 5.44476e-06 -1.94141e-05
1.71876e+00 1.07135e-05 3.81779e-08 5.72668e-06 -2.04251e-05
1.74480e+00 1.12324e-05 4.00163e-08 6.00244e-06 -2.14143e-05
1.77084e+00 1.17392e-05 4.18121e-08 6.27182e-06 -2.23806e-05
1.79688e+00 1.22334e-05 4.35636e-08 6.53454e-06 -2.33229e-05
1.82292e+00 1.27145e-05 4.52689e-08 6.79033e-06 -2.42403e-05
1.84897e+00 1.31821e-05 4.69263e-08 7.03895e-06 -2.51316e-05
1.87501e+00 1.36355e-05 4.85342e-08 7.28013e-06 -2.59961e-05
1.90105e+00 1.40743e-05 5.00919e-08 7.51378e-06 -2.68327e-05
1.92709e+00 1.44980e-05 5.15967e-08 7.73951e-06 -2.76406e-05
1.95313e+00 1.49062e-05 5.30475e-08 7.95712e-06 -2.84189e-05
1.97917e+00 1.52985e-05 5.44425e-08 8.16637e-06 -2.91668e-05
2.00521e+00 1.56744e-05 5.57823e-08 8.36734e-06 -2.98834e-05
2.03126e+00 1.60335e-05 5.70636e-08 8.55955e-06 -3.05681e-05
2.05730e+00 1.63754e-05 5.82864e-08 8.74297e-06 -3.12200e-05
2.08334e+00 1.66998e-05 5.94484e-08 8.91726e-06 -3.18384e-05
2.10938e+00 1.70063e-05 6.05539e-08 9.08308e-06 -3.24228e-05
2.13542e+00 1.72947e-05 6.15961e-08 9.23941e-06 -3.29725e-05
2.16146e+00 1.75645e-05 6.25747e-08 9.38621e-06 -3.34868e-05
2.18750e+00 1.78155e-05 6.34878e-08 9.52317e-06 -3.39653e-05
2.21354e+00 1.80475e-05 6.43370e-08 9.65055e-06 -3.44075e-05
2.23959e+00 1.82601e-05 6.51187e-08 9.76780e-06 -3.48127e-05
2.26563e+00 1.84532e-05 6.58329e-08 9.87493e-06 -3.51807e-05
2.29167e+00 1.86265e-05 6.64780e-08 9.97170e-06 -3.55111e-05
2.31771e+00 1.87798e-05 6.70567e-08 1.00585e-05 -3.58034e-05
2.34375e+00 1.89128e-05 6.75647e-08 1.01347e-05 -3.60573e-05
2.36979e+00 1.90255e-05 6.80006e-08 1.02001e-05 -3.62727e-05
2.39583e+00 1.91185e-05 6.83643e-08 1.02547e-05 -3.64492e-05
2.42188e+00 1.91907e-05 6.86557e-08 1.02984e-05 -3.65867e-05
2.44792e+00 1.92417e-05 6.88708e-08 1.03306e-05 -3.66850e-05
2.47396e+00 1.92726e-05 6.90043e-08 1.03506e-05 -3.67441e-05
2.50000e+00 1.92830e-05 6.90582e-08 1.03587e-05 -3.67637e-05
