0.00000e+00 2.79299e-05 9.11508e-08 4.37524e-05 -9.91448e-05
2.60412e-02 2.79147e-05 9.09354e-08 4.36490e-05 -9.90917e-05
5.20825e-02 2.78700e-05 9.06161e-08 4.34957e-05 -9.89325e-05
7.81237e-02 2.77954e-05 9.02028e-08 4.32973e-05 -9.86674e-05
1.04165e-01 2.76906e-05 8.96784e-08 4.30456e-05 -9.82966e-05
1.30206e-01 2.75563e-05 8.91201e-08 4.27776e-05 -9.78206e-05
1.56247e-01 2.73930e-05 8.84661e-08 4.24637e-05 -9.72398e-05
1.82289e-01 2.72000e-05 8.77248e-08 4.21079e-05 -9.65549e-05
2.08330e-01 2.69778e-05 8.68908e-08 4.17076e-05 -9.57667e-05
2.34371e-01 2.67268e-05 8.59766e-08 4.12688e-05 -9.48758e-05
2.60412e-01 2.64472e-05 8.49707e-08 4.07859e-05 -9.38834e-05
2.86454e-01 2.61392e-05 8.38788e-08 4.02618e-05 -9.27904e-05
3.12495e-01 2.58033e-05 8.26978e-08 3.96949e-05 -9.15981e-05
3.38536e-01 2.54397e-05 8.14408e-08 3.90916e-05 -9.03077e-05
3.64577e-01 2.50489e-05 8.00985e-08 3.84473e-05 -8.89206e-05
3.90619e-01 2.46313e-05 7.86836e-08 3.77681e-05 -8.74383e-05
4.16660e-01 2.41873e-05 7.71882e-08 3.70504e-05 -8.58623e-05
4.42701e-01 2.37175e-05 7.56482e-08 3.63111e-05 -8.41945e-05
4.68743e-01 2.32222e-05 7.40304e-08 3.55346e-05 -8.24364e-05
4.94784e-01 2.27021e-05 7.23448e-08 3.47255e-05 -8.05901e-05
5.20825e-01 2.21576e-05 7.05828e-08 3.38797e-05 -7.86575e-05
5.46866e-01 2.15895e-05 6.87567e-08 3.30032e-05 -7.66407e-05
5.72908e-01 2.09982e-05 6.68572e-08 3.20915e-05 -7.45417e-05
5.98949e-01 2.03845e-05 6.48893e-08 3.11468e-05 -7.23630e-05
6.24990e-01 1.97489e-05 6.28515e-08 3.01687e-05 -7.01068e-05
6.51032e-01 1.90921e-05 6.07513e-08 2.91606e-05 -6.77755e-05
6.77073e-01 1.84149e-05 5.85853e-08 2.81209e-05 -6.53717e-05
7.03115e-01 1.77180e-05 5.63579e-08 2.70518e-05 -6.28978e-05
7.29156e-01 1.70022e-05 5.40694e-08 2.59533e-05 -6.03566e-05
7.55197e-01 1.62681e-05 5.17240e-08 2.48275e-05 -5.77507e-05
7.81239e-01 1.55166e-05 4.93224e-08 2.36748e-05 -5.50831e-05
8.07280e-01 1.47484e-05 4.68690e-08 2.24971e-05 -5.23564e-05
8.33322e-01 1.39645e-05 4.43652e-08 2.12953e-05 -4.95737e-05
8.59363e-01 1.31656e-05 4.18152e-08 2.00713e-05 -4.67378e-05
8.85405e-01 1.23527e-05 3.92202e-08 1.88257e-05 -4.38520e-05
9.11446e-01 1.15265e-05 3.65838e-08 1.75602e-05 -4.09192e-05
9.37488e-01 1.06879e-05 3.39074e-08 1.62756e-05 -3.79425e-05
9.63529e-01 9.83790e-06 3.11945e-08 1.49734e-05 -3.49252e-05
9.89571e-01 8.97737e-06 2.84475e-08 1.36548e-05 -3.18706e-05
1.01561e+00 8.10722e-06 2.56699e-08 1.23215e-05 -2.87818e-05
1.04165e+00 7.22838e-06 2.28639e-08 1.09747e-05 -2.56621e-05
1.06770e+00 6.34180e-06 2.00346e-08 9.61663e-06 -2.25150e-05
1.09374e+00 5.44843e-06 1.71832e-08 8.24793e-06 -1.93438e-05
1.11978e+00 4.54922e-06 1.43130e-08 6.87023e-06 -1.61519e-05
1.14582e+00 3.64513e-06 1.14268e-08 5.48487e-06 -1.29426e-05
1.17186e+00 2.73715e-06 8.52908e-09 4.09396e-06 -9.71955e-06
1.19790e+00 1.82622e-06 5.62168e-09 2.69840e-06 -6.48605e-06
1.22394e+00 9.13343e-07 2.70937e-09 1.30050e-06 -3.24560e-06
1.24999e+00 -5.17431e-10 -2.05519e-10 -9.86493e-08 -1.67204e-09
1.27603e+00 -9.14378e-07 -3.11427e-09 -1.49485e-06 3.24226e-06
1.30207e+00 -1.82726e-06 -6.01918e-09 -2.88921e-06 6.48272e-06
1.32811e+00 -2.73819e-06 -8.91631e-09 -4.27983e-06 9.71624e-06
1.35415e+00 -3.64619e-06 -1.18039e-08 -5.66585e-06 1.29394e-05
1.38020e+00 -4.55028e-06 -1.46766e-08 -7.04477e-06 1.61486e-05
1.40624e+00 -5.44950e-06 -1.75335e-08 -8.41608e-06 1.93406e-05
1.43228e+00 -6.34289e-06 -2.03714e-08 -9.77829e-06 2.25118e-05
1.45832e+00 -7.22949e-06 -2.31875e-08 -1.11300e-05 2.56590e-05
1.48436e+00 -8.10836e-06 -2.59780e-08 -1.24694e-05 2.87787e-05
1.51040e+00 -8.97854e-06 -2.87406e-08 -1.37955e-05 3.18676e-05
1.53645e+00 -9.83910e-06 -3.14726e-08 -1.51069e-05 3.49223e-05
1.56249e+00 -1.06891e-05 -3.41709e-08 -1.64020e-05 3.79397e-05
1.58853e+00 -1.15277e-05 -3.68359e-08 -1.76812e-05 4.09164e-05
1.61457e+00 -1.23540e-05 -3.94615e-08 -1.89415e-05 4.38493e-05
1.64061e+00 -1.31670e-05 -4.20471e-08 -2.01826e-05 4.67352e-05
1.66666e+00 -1.39659e-05 -4.45878e-08 -2.14021e-05 4.95712e-05
1.69270e+00 -1.47499e-05 -4.70876e-08 -2.26021e-05 5.23540e-05
1.71874e+00 -1.55181e-05 -4.95369e-08 -2.37777e-05 5.50808e-05
1.74478e+00 -1.62696e-05 -5.19341e-08 -2.49283e-05 5.77485e-05
1.77082e+00 -1.70038e-05 -5.42751e-08 -2.60521e-05 6.03545e-05
1.79686e+00 -1.77197e-05 -5.65595e-08 -2.71486e-05 6.28958e-05
1.82291e+00 -1.84167e-05 -5.87826e-08 -2.82157e-05 6.53698e-05
1.84895e+00 -1.90939e-05 -6.09429e-08 -2.92526e-05 6.77737e-05
1.87499e+00 -1.97507e-05 -6.30372e-08 -3.02579e-05 7.01051e-05
1.90103e+00 -2.03864e-05 -6.50669e-08 -3.12321e-05 7.23615e-05
1.92707e+00 -2.10002e-05 -6.70262e-08 -3.21726e-05 7.45403e-05
1.95312e+00 -2.15915e-05 -6.89148e-08 -3.30791e-05 7.66393e-05
1.97916e+00 -2.21597e-05 -7.07291e-08 -3.39500e-05 7.86563e-05
2.00520e+00 -2.27042e-05 -7.24732e-08 -3.47872e-05 8.05890e-05
2.03124e+00 -2.32244e-05 -7.41394e-08 -3.55869e-05 8.24354e-05
2.05728e+00 -2.37197e-05 -7.57305e-08 -3.63506e-05 8.41935e-05
2.08333e+00 -2.41896e-05 -7.72414e-08 -3.70758e-05 8.58615e-05
2.10937e+00 -2.46335e-05 -7.86728e-08 -3.77629e-05 8.74376e-05
2.13541e+00 -2.50511e-05 -8.00208e-08 -3.84100e-05 8.89200e-05
2.16145e+00 -2.54419e-05 -8.12874e-08 -3.90180e-05 9.03071e-05
2.18749e+00 -2.58054e-05 -8.24669e-08 -3.95841e-05 9.15976e-05
2.21354e+00 -2.61414e-05 -8.35702e-08 -4.01137e-05 9.27900e-05
2.23958e+00 -2.64493e-05 -8.45836e-08 -4.06001e-05 9.38830e-05
2.26562e+00 -2.67289e-05 -8.55160e-08 -4.10477e-05 9.48755e-05
2.29166e+00 -2.69799e-05 -8.63585e-08 -4.14521e-05 9.57664e-05
2.31771e+00 -2.72021e-05 -8.71247e-08 -4.18199e-05 9.65548e-05
2.34375e+00 -2.73950e-05 -8.78006e-08 -4.21443e-05 9.72397e-05
2.36979e+00 -2.75583e-05 -8.83976e-08 -4.24308e-05 9.78205e-05
2.39583e+00 -2.76925e-05 -8.88995e-08 -4.26718e-05 9.82966e-05
2.42187e+00 -2.77973e-05 -8.93806e-08 -4.29027e-05 9.86674e-05
2.44792e+00 -2.78718e-05 -8.97540e-08 -4.30819e-05 9.89325e-05
2.47396e+00 -2.79166e-05 -9.00337e-08 -4.32162e-05 9.90917e-05
2.50000e+00 -2.79317e-05 -9.02130e-08 -4.33022e-05 9.91448e-05
