0.00000e+00 2.51326e-05 1.89452e-07 3.63748e-04 -8.41521e-05
2.60413e-02 2.51190e-05 1.89349e-07 3.63549e-04 -8.41071e-05
5.20825e-02 2.50788e-05 1.89043e-07 3.62963e-04 -8.39720e-05
7.81238e-02 2.50119e-05 1.88534e-07 3.61985e-04 -8.37469e-05
1.04165e-01 2.49175e-05 1.87824e-07 3.60621e-04 -8.34322e-05
1.30206e-01 2.47968e-05 1.86919e-07 3.58885e-04 -8.30282e-05
1.56248e-01 2.46499e-05 1.85811e-07 3.56757e-04 -8.25352e-05
1.82289e-01 2.44762e-05 1.84496e-07 3.54232e-04 -8.19539e-05
2.08330e-01 2.42762e-05 1.82987e-07 3.51335e-04 -8.12848e-05
2.34371e-01 2.40504e-05 1.81286e-07 3.48068e-04 -8.05287e-05
2.60413e-01 2.37988e-05 1.79391e-07 3.44430e-04 -7.96863e-05
2.86454e-01 2.35217e-05 1.77304e-07 3.40423e-04 -7.87586e-05
3.12495e-01 2.32194e-05 1.75026e-07 3.36050e-04 -7.77466e-05
3.38537e-01 2.28923e-05 1.72561e-07 3.31317e-04 -7.66514e-05
3.64578e-01 2.25406e-05 1.69911e-07 3.26229e-04 -7.54740e-05
3.90619e-01 2.21648e-05 1.67079e-07 3.20791e-04 -7.42158e-05
4.16661e-01 2.17653e-05 1.64068e-07 3.15010e-04 -7.28782e-05
4.42702e-01 2.13425e-05 1.60880e-07 3.08890e-04 -7.14625e-05
4.68743e-01 2.08968e-05 1.57521e-07 3.02440e-04 -6.99703e-05
4.94785e-01 2.04288e-05 1.53992e-07 2.95665e-04 -6.84032e-05
5.20826e-01 1.99389e-05 1.50299e-07 2.88574e-04 -6.67629e-05
5.46867e-01 1.94276e-05 1.46445e-07 2.81174e-04 -6.50510e-05
5.72909e-01 1.88955e-05 1.42434e-07 2.73473e-04 -6.32695e-05
5.98950e-01 1.83432e-05 1.38270e-07 2.65479e-04 -6.14202e-05
6.24991e-01 1.77713e-05 1.33959e-07 2.57201e-04 -5.95052e-05
6.51033e-01 1.71803e-05 1.29504e-07 2.48647e-04 -5.75264e-05
6.77074e-01 1.65709e-05 1.24910e-07 2.39828e-04 -5.54861e-05
7.03116e-01 1.59438e-05 1.20183e-07 2.30751e-04 -5.33863e-05
7.29157e-01 1.52996e-05 1.15327e-07 2.21427e-04 -5.12294e-05
7.55198e-01 1.46390e-05 1.10347e-07 2.11866e-04 -4.90176e-05
7.81240e-01 1.39628e-05 1.05249e-07 2.02079e-04 -4.67533e-05
8.07281e-01 1.32716e-05 1.00039e-07 1.92075e-04 -4.44390e-05
8.33323e-01 1.25662e-05 9.47213e-08 1.81865e-04 -4.20770e-05
8.59364e-01 1.18473e-05 8.93022e-08 1.71460e-04 -3.96700e-05
8.85406e-01 1.11157e-05 8.37875e-08 1.60872e-04 -3.72206e-05
9.11447e-01 1.03722e-05 7.81830e-08 1.50111e-04 -3.47312e-05
9.37489e-01 9.61764e-06 7.24948e-08 1.39190e-04 -3.22047e-05
9.63530e-01 8.85276e-06 6.67290e-08 1.28120e-04 -2.96437e-05
9.89572e-01 8.07839e-06 6.08918e-08 1.16912e-04 -2.70510e-05
1.01561e+00 7.29538e-06 5.49894e-08 1.05580e-04 -2.44292e-05
1.04165e+00 6.50455e-06 4.90280e-08 9.41338e-05 -2.17814e-05
1.06770e+00 5.70675e-06 4.30142e-08 8.25872e-05 -1.91102e-05
1.09374e+00 4.90283e-06 3.69542e-08 7.09521e-05 -1.64185e-05
1.11978e+00 4.09367e-06 3.08547e-08 5.92410e-05 -1.37092e-05
1.14582e+00 3.28012e-06 2.47221e-08 4.74665e-05 -1.09853e-05
1.17186e+00 2.46305e-06 1.85631e-08 3.56411e-05 -8.24961e-06
1.19790e+00 1.64335e-06 1.23841e-08 2.37775e-05 -5.50508e-06
1.22395e+00 8.21881e-07 6.19185e-09 1.18884e-05 -2.75465e-06
1.24999e+00 -4.65981e-10 -7.02892e-12 -1.34955e-08 -1.27155e-09
1.27603e+00 -8.22816e-07 -6.20581e-09 -1.19152e-05 2.75211e-06
1.30207e+00 -1.64428e-06 -1.23980e-08 -2.38041e-05 5.50255e-06
1.32811e+00 -2.46399e-06 -1.85769e-08 -3.56676e-05 8.24709e-06
1.35415e+00 -3.28107e-06 -2.47359e-08 -4.74929e-05 1.09828e-05
1.38020e+00 -4.09463e-06 -3.08685e-08 -5.92674e-05 1.37068e-05
1.40624e+00 -4.90381e-06 -3.69680e-08 -7.09785e-05 1.64160e-05
1.43228e+00 -5.70773e-06 -4.30279e-08 -8.26135e-05 1.91077e-05
1.45832e+00 -6.50555e-06 -4.90418e-08 -9.41603e-05 2.17790e-05
1.48436e+00 -7.29641e-06 -5.50032e-08 -1.05606e-04 2.44269e-05
1.51041e+00 -8.07945e-06 -6.09058e-08 -1.16939e-04 2.70487e-05
1.53645e+00 -8.85384e-06 -6.67431e-08 -1.28147e-04 2.96415e-05
1.56249e+00 -9.61876e-06 -7.25091e-08 -1.39217e-04 3.22025e-05
1.58853e+00 -1.03734e-05 -7.81974e-08 -1.50139e-04 3.47291e-05
1.61457e+00 -1.11169e-05 -8.38021e-08 -1.60900e-04 3.72185e-05
1.64061e+00 -1.18485e-05 -8.93170e-08 -1.71489e-04 3.96681e-05
1.66666e+00 -1.25674e-05 -9.47362e-08 -1.81894e-04 4.20751e-05
1.69270e+00 -1.32729e-05 -1.00054e-07 -1.92103e-04 4.44371e-05
1.71874e+00 -1.39642e-05 -1.05264e-07 -2.02107e-04 4.67515e-05
1.74478e+00 -1.46405e-05 -1.10362e-07 -2.11895e-04 4.90159e-05
1.77082e+00 -1.53011e-05 -1.15342e-07 -2.21456e-04 5.12278e-05
1.79687e+00 -1.59453e-05 -1.20198e-07 -2.30780e-04 5.33848e-05
1.82291e+00 -1.65725e-05 -1.24925e-07 -2.39856e-04 5.54846e-05
1.84895e+00 -1.71819e-05 -1.29519e-07 -2.48676e-04 5.75251e-05
1.87499e+00 -1.77730e-05 -1.33974e-07 -2.57230e-04 5.95039e-05
1.90103e+00 -1.83450e-05 -1.38285e-07 -2.65507e-04 6.14190e-05
1.92708e+00 -1.88973e-05 -1.42448e-07 -2.73501e-04 6.32684e-05
1.95312e+00 -1.94294e-05 -1.46459e-07 -2.81202e-04 6.50500e-05
1.97916e+00 -1.99408e-05 -1.50313e-07 -2.88601e-04 6.67619e-05
2.00520e+00 -2.04307e-05 -1.54006e-07 -2.95692e-04 6.84024e-05
2.03124e+00 -2.08988e-05 -1.57535e-07 -3.02466e-04 6.99696e-05
2.05729e+00 -2.13446e-05 -1.60894e-07 -3.08917e-04 7.14618e-05
2.08333e+00 -2.17674e-05 -1.64081e-07 -3.15036e-04 7.28776e-05
2.10937e+00 -2.21670e-05 -1.67092e-07 -3.20816e-04 7.42153e-05
2.13541e+00 -2.25429e-05 -1.69923e-07 -3.26253e-04 7.54735e-05
2.16145e+00 -2.28946e-05 -1.72573e-07 -3.31340e-04 7.66509e-05
2.18750e+00 -2.32217e-05 -1.75038e-07 -3.36072e-04 7.77463e-05
2.21354e+00 -2.35241e-05 -1.77315e-07 -3.40444e-04 7.87583e-05
2.23958e+00 -2.38012e-05 -1.79401e-07 -3.44450e-04 7.96861e-05
2.26562e+00 -2.40529e-05 -1.81295e-07 -3.48087e-04 8.05285e-05
2.29166e+00 -2.42788e-05 -1.82996e-07 -3.51352e-04 8.12846e-05
2.31771e+00 -2.44789e-05 -1.84504e-07 -3.54248e-04 8.19538e-05
2.34375e+00 -2.46527e-05 -1.85818e-07 -3.56770e-04 8.25351e-05
2.36979e+00 -2.47997e-05 -1.86926e-07 -3.58899e-04 8.30281e-05
2.39583e+00 -2.49205e-05 -1.87830e-07 -3.60635e-04 8.34322e-05
2.42187e+00 -2.50149e-05 -1.88539e-07 -3.61995e-04 8.37469e-05
2.44792e+00 -2.50819e-05 -1.89047e-07 -3.62970e-04 8.39720e-05
2.47396e+00 -2.51222e-05 -1.89352e-07 -3.63555e-04 8.41071e-05
2.50000e+00 -2.51359e-05 -1.89454e-07 -3.63752e-04 8.41521e-05
