0.00000e+00 3.04880e-05 8.61002e-08 1.32250e-03 -9.67274e-05
2.60412e-02 3.04717e-05 8.60454e-08 1.32166e-03 -9.66756e-05
5.20824e-02 3.04231e-05 8.59019e-08 1.31945e-03 -9.65203e-05
7.81236e-02 3.03419e-05 8.56670e-08 1.31584e-03 -9.62616e-05
1.04165e-01 3.02276e-05 8.53402e-08 1.31083e-03 -9.58999e-05
1.30206e-01 3.00814e-05 8.49276e-08 1.30449e-03 -9.54355e-05
1.56247e-01 2.99032e-05 8.44209e-08 1.29670e-03 -9.48689e-05
1.82288e-01 2.96926e-05 8.38247e-08 1.28755e-03 -9.42007e-05
2.08330e-01 2.94500e-05 8.31402e-08 1.27703e-03 -9.34316e-05
2.34371e-01 2.91762e-05 8.23678e-08 1.26517e-03 -9.25625e-05
2.60412e-01 2.88710e-05 8.15070e-08 1.25195e-03 -9.15943e-05
2.86453e-01 2.85350e-05 8.05595e-08 1.23739e-03 -9.05279e-05
3.12494e-01 2.81683e-05 7.95257e-08 1.22151e-03 -8.93647e-05
3.38536e-01 2.77715e-05 7.84074e-08 1.20434e-03 -8.81058e-05
3.64577e-01 2.73450e-05 7.72052e-08 1.18587e-03 -8.67525e-05
3.90618e-01 2.68891e-05 7.59205e-08 1.16614e-03 -8.53063e-05
4.16659e-01 2.64045e-05 7.45546e-08 1.14516e-03 -8.37688e-05
4.42701e-01 2.58916e-05 7.31088e-08 1.12295e-03 -8.21416e-05
4.68742e-01 2.53509e-05 7.15848e-08 1.09954e-03 -8.04264e-05
4.94783e-01 2.47831e-05 6.99842e-08 1.07496e-03 -7.86251e-05
5.20824e-01 2.41888e-05 6.83087e-08 1.04922e-03 -7.67396e-05
5.46866e-01 2.35685e-05 6.65602e-08 1.02237e-03 -7.47720e-05
5.72907e-01 2.29230e-05 6.47405e-08 9.94414e-04 -7.27243e-05
5.98948e-01 2.22530e-05 6.28514e-08 9.65398e-04 -7.05987e-05
6.24990e-01 2.15591e-05 6.08951e-08 9.35348e-04 -6.83975e-05
6.51031e-01 2.08422e-05 5.88735e-08 9.04296e-04 -6.61230e-05
6.77072e-01 2.01029e-05 5.67888e-08 8.72276e-04 -6.37778e-05
7.03114e-01 1.93421e-05 5.46433e-08 8.39321e-04 -6.13643e-05
7.29155e-01 1.85606e-05 5.24393e-08 8.05467e-04 -5.88850e-05
7.55196e-01 1.77592e-05 5.01790e-08 7.70749e-04 -5.63427e-05
7.81238e-01 1.69387e-05 4.78650e-08 7.35206e-04 -5.37401e-05
8.07279e-01 1.61002e-05 4.54996e-08 6.98874e-04 -5.10799e-05
8.33321e-01 1.52444e-05 4.30855e-08 6.61793e-04 -4.83650e-05
8.59362e-01 1.43723e-05 4.06249e-08 6.23999e-04 -4.55984e-05
8.85403e-01 1.34847e-05 3.81208e-08 5.85536e-04 -4.27829e-05
9.11445e-01 1.25828e-05 3.55759e-08 5.46445e-04 -3.99215e-05
9.37486e-01 1.16673e-05 3.29927e-08 5.06769e-04 -3.70175e-05
9.63528e-01 1.07394e-05 3.03742e-08 4.66548e-04 -3.40738e-05
9.89569e-01 9.79993e-06 2.77232e-08 4.25828e-04 -3.10936e-05
1.01561e+00 8.84999e-06 2.50424e-08 3.84651e-04 -2.80801e-05
1.04165e+00 7.89057e-06 2.23347e-08 3.43062e-04 -2.50365e-05
1.06769e+00 6.92271e-06 1.96031e-08 3.01104e-04 -2.19662e-05
1.09374e+00 5.94742e-06 1.68504e-08 2.58823e-04 -1.88723e-05
1.11978e+00 4.96576e-06 1.40797e-08 2.16264e-04 -1.57582e-05
1.14582e+00 3.97879e-06 1.12939e-08 1.73474e-04 -1.26272e-05
1.17186e+00 2.98755e-06 8.49578e-09 1.30495e-04 -9.48271e-06
1.19790e+00 1.99311e-06 5.68858e-09 8.73767e-05 -6.32805e-06
1.22394e+00 9.96539e-07 2.87517e-09 4.41626e-05 -3.16661e-06
1.24999e+00 -1.10387e-09 5.87313e-11 9.02112e-07 -1.78131e-09
1.27603e+00 -9.98739e-07 -2.75816e-09 -4.23654e-05 3.16305e-06
1.30207e+00 -1.99531e-06 -5.57206e-09 -8.55868e-05 6.32450e-06
1.32811e+00 -2.98974e-06 -8.38009e-09 -1.28718e-04 9.47918e-06
1.35415e+00 -3.98098e-06 -1.11791e-08 -1.71712e-04 1.26237e-05
1.38019e+00 -4.96795e-06 -1.39664e-08 -2.14524e-04 1.57547e-05
1.40624e+00 -5.94960e-06 -1.67387e-08 -2.57106e-04 1.88689e-05
1.43228e+00 -6.92489e-06 -1.94931e-08 -2.99414e-04 2.19628e-05
1.45832e+00 -7.89276e-06 -2.22267e-08 -3.41402e-04 2.50332e-05
1.48436e+00 -8.85218e-06 -2.49368e-08 -3.83029e-04 2.80768e-05
1.51040e+00 -9.80212e-06 -2.76201e-08 -4.24245e-04 3.10904e-05
1.53644e+00 -1.07416e-05 -3.02741e-08 -4.65010e-04 3.40707e-05
1.56249e+00 -1.16695e-05 -3.28956e-08 -5.05276e-04 3.70144e-05
1.58853e+00 -1.25850e-05 -3.54823e-08 -5.45008e-04 3.99186e-05
1.61457e+00 -1.34870e-05 -3.80310e-08 -5.84156e-04 4.27800e-05
1.64061e+00 -1.43745e-05 -4.05392e-08 -6.22682e-04 4.55956e-05
1.66665e+00 -1.52466e-05 -4.30041e-08 -6.60543e-04 4.83624e-05
1.69270e+00 -1.61024e-05 -4.54230e-08 -6.97698e-04 5.10773e-05
1.71874e+00 -1.69410e-05 -4.77935e-08 -7.34108e-04 5.37376e-05
1.74478e+00 -1.77614e-05 -5.01129e-08 -7.69734e-04 5.63404e-05
1.77082e+00 -1.85628e-05 -5.23787e-08 -8.04537e-04 5.88828e-05
1.79686e+00 -1.93443e-05 -5.45887e-08 -8.38482e-04 6.13621e-05
1.82291e+00 -2.01052e-05 -5.67403e-08 -8.71531e-04 6.37758e-05
1.84895e+00 -2.08444e-05 -5.88314e-08 -9.03650e-04 6.61211e-05
1.87499e+00 -2.15614e-05 -6.08595e-08 -9.34802e-04 6.83957e-05
1.90103e+00 -2.22553e-05 -6.28229e-08 -9.64960e-04 7.05970e-05
1.92707e+00 -2.29253e-05 -6.47192e-08 -9.94086e-04 7.27227e-05
1.95312e+00 -2.35708e-05 -6.65465e-08 -1.02215e-03 7.47706e-05
1.97916e+00 -2.41910e-05 -6.83026e-08 -1.04913e-03 7.67383e-05
2.00520e+00 -2.47853e-05 -6.99865e-08 -1.07499e-03 7.86239e-05
2.03124e+00 -2.53531e-05 -7.15956e-08 -1.09971e-03 8.04253e-05
2.05728e+00 -2.58938e-05 -7.31290e-08 -1.12326e-03 8.21406e-05
2.08333e+00 -2.64066e-05 -7.45842e-08 -1.14561e-03 8.37679e-05
2.10937e+00 -2.68912e-05 -7.59620e-08 -1.16678e-03 8.53055e-05
2.13541e+00 -2.73469e-05 -7.72586e-08 -1.18669e-03 8.67518e-05
2.16145e+00 -2.77734e-05 -7.84734e-08 -1.20535e-03 8.81052e-05
2.18749e+00 -2.81701e-05 -7.96044e-08 -1.22272e-03 8.93642e-05
2.21354e+00 -2.85366e-05 -8.06517e-08 -1.23881e-03 9.05275e-05
2.23958e+00 -2.88725e-05 -8.16128e-08 -1.25357e-03 9.15939e-05
2.26562e+00 -2.91776e-05 -8.24877e-08 -1.26701e-03 9.25622e-05
2.29166e+00 -2.94513e-05 -8.32744e-08 -1.27909e-03 9.34314e-05
2.31770e+00 -2.96937e-05 -8.39744e-08 -1.28985e-03 9.42005e-05
2.34375e+00 -2.99042e-05 -8.45857e-08 -1.29924e-03 9.48687e-05
2.36979e+00 -3.00822e-05 -8.51080e-08 -1.30726e-03 9.54354e-05
2.39583e+00 -3.02283e-05 -8.55363e-08 -1.31384e-03 9.58998e-05
2.42187e+00 -3.03423e-05 -8.58773e-08 -1.31908e-03 9.62616e-05
2.44792e+00 -3.04233e-05 -8.61259e-08 -1.32289e-03 9.65203e-05
2.47396e+00 -3.04717e-05 -8.62801e-08 -1.32526e-03 9.66756e-05
2.50000e+00 -3.04879e-05 -8.63430e-08 -1.32623e-03 9.67274e-05
