0.00000e+00 -3.14629e-05 3.89597e-08 2.39369e-03 9.92757e-05
2.60422e-02 -3.14456e-05 3.89233e-08 2.39145e-03 9.92226e-05
5.20843e-02 -3.13952e-05 3.88574e-08 2.38740e-03 9.90632e-05
7.81265e-02 -3.13111e-05 3.87681e-08 2.38191e-03 9.87977e-05
1.04169e-01 -3.11928e-05 3.86450e-08 2.37435e-03 9.84264e-05
1.30211e-01 -3.10417e-05 3.84802e-08 2.36422e-03 9.79497e-05
1.56253e-01 -3.08576e-05 3.82760e-08 2.35168e-03 9.73681e-05
1.82295e-01 -3.06400e-05 3.80354e-08 2.33690e-03 9.66823e-05
2.08337e-01 -3.03894e-05 3.77550e-08 2.31967e-03 9.58929e-05
2.34379e-01 -3.01067e-05 3.74353e-08 2.30002e-03 9.50008e-05
2.60422e-01 -2.97916e-05 3.70762e-08 2.27796e-03 9.40070e-05
2.86464e-01 -2.94446e-05 3.66794e-08 2.25358e-03 9.29125e-05
3.12506e-01 -2.90661e-05 3.62431e-08 2.22678e-03 9.17186e-05
3.38548e-01 -2.86565e-05 3.57690e-08 2.19765e-03 9.04264e-05
3.64590e-01 -2.82162e-05 3.52555e-08 2.16610e-03 8.90373e-05
3.90632e-01 -2.77457e-05 3.47048e-08 2.13226e-03 8.75530e-05
4.16674e-01 -2.72455e-05 3.41126e-08 2.09588e-03 8.59748e-05
4.42716e-01 -2.67161e-05 3.34800e-08 2.05701e-03 8.43047e-05
4.68758e-01 -2.61581e-05 3.28075e-08 2.01569e-03 8.25442e-05
4.94801e-01 -2.55722e-05 3.21000e-08 1.97222e-03 8.06953e-05
5.20843e-01 -2.49588e-05 3.13569e-08 1.92657e-03 7.87600e-05
5.46885e-01 -2.43187e-05 3.05790e-08 1.87878e-03 7.67404e-05
5.72927e-01 -2.36526e-05 2.97677e-08 1.82893e-03 7.46386e-05
5.98969e-01 -2.29612e-05 2.89242e-08 1.77710e-03 7.24569e-05
6.25011e-01 -2.22452e-05 2.80494e-08 1.72335e-03 7.01976e-05
6.51053e-01 -2.15053e-05 2.71420e-08 1.66760e-03 6.78631e-05
6.77095e-01 -2.07425e-05 2.62052e-08 1.61005e-03 6.54560e-05
7.03137e-01 -1.99574e-05 2.52398e-08 1.55073e-03 6.29787e-05
7.29179e-01 -1.91509e-05 2.42468e-08 1.48972e-03 6.04341e-05
7.55221e-01 -1.83240e-05 2.32262e-08 1.42702e-03 5.78247e-05
7.81263e-01 -1.74774e-05 2.21799e-08 1.36273e-03 5.51533e-05
8.07305e-01 -1.66121e-05 2.11092e-08 1.29695e-03 5.24230e-05
8.33346e-01 -1.57290e-05 2.00142e-08 1.22968e-03 4.96365e-05
8.59388e-01 -1.48291e-05 1.88964e-08 1.16100e-03 4.67968e-05
8.85430e-01 -1.39133e-05 1.77570e-08 1.09099e-03 4.39070e-05
9.11472e-01 -1.29825e-05 1.65979e-08 1.01977e-03 4.09702e-05
9.37514e-01 -1.20379e-05 1.54203e-08 9.47423e-04 3.79896e-05
9.63556e-01 -1.10804e-05 1.42248e-08 8.73974e-04 3.49682e-05
9.89598e-01 -1.01111e-05 1.30136e-08 7.99556e-04 3.19094e-05
1.01564e+00 -9.13087e-06 1.17878e-08 7.24245e-04 2.88165e-05
1.04168e+00 -8.14090e-06 1.05490e-08 6.48133e-04 2.56927e-05
1.06772e+00 -7.14221e-06 9.29708e-09 5.71213e-04 2.25414e-05
1.09376e+00 -6.13586e-06 8.03484e-09 4.93661e-04 1.93659e-05
1.11981e+00 -5.12295e-06 6.76346e-09 4.15547e-04 1.61697e-05
1.14585e+00 -4.10455e-06 5.48444e-09 3.36964e-04 1.29562e-05
1.17189e+00 -3.08176e-06 4.19860e-09 2.57962e-04 9.72885e-06
1.19793e+00 -2.05566e-06 2.90782e-09 1.78657e-04 6.49106e-06
1.22397e+00 -1.02736e-06 1.61363e-09 9.91415e-05 3.24632e-06
1.25002e+00 2.03534e-09 3.16794e-10 1.94638e-05 -1.89444e-09
1.27606e+00 1.03142e-06 -9.80491e-10 -6.02413e-05 -3.25010e-06
1.30210e+00 2.05971e-06 -2.27760e-09 -1.39936e-04 -6.49483e-06
1.32814e+00 3.08579e-06 -3.57267e-09 -2.19505e-04 -9.73260e-06
1.35418e+00 4.10857e-06 -4.86436e-09 -2.98866e-04 -1.29599e-05
1.38022e+00 5.12694e-06 -6.15171e-09 -3.77961e-04 -1.61734e-05
1.40626e+00 6.13983e-06 -7.43285e-09 -4.56674e-04 -1.93696e-05
1.43231e+00 7.14614e-06 -8.70682e-09 -5.34947e-04 -2.25450e-05
1.45835e+00 8.14481e-06 -9.97185e-09 -6.12671e-04 -2.56962e-05
1.48439e+00 9.13475e-06 -1.12273e-08 -6.89804e-04 -2.88200e-05
1.51043e+00 1.01149e-05 -1.24711e-08 -7.66222e-04 -3.19128e-05
1.53647e+00 1.10842e-05 -1.37021e-08 -8.41856e-04 -3.49715e-05
1.56251e+00 1.20417e-05 -1.49189e-08 -9.16615e-04 -3.79928e-05
1.58856e+00 1.29863e-05 -1.61203e-08 -9.90429e-04 -4.09734e-05
1.61460e+00 1.39170e-05 -1.73049e-08 -1.06321e-03 -4.39101e-05
1.64064e+00 1.48327e-05 -1.84713e-08 -1.13488e-03 -4.67997e-05
1.66668e+00 1.57326e-05 -1.96183e-08 -1.20535e-03 -4.96393e-05
1.69272e+00 1.66157e-05 -2.07450e-08 -1.27457e-03 -5.24257e-05
1.71876e+00 1.74809e-05 -2.18498e-08 -1.34245e-03 -5.51560e-05
1.74480e+00 1.83275e-05 -2.29311e-08 -1.40888e-03 -5.78272e-05
1.77085e+00 1.91544e-05 -2.39882e-08 -1.47383e-03 -6.04364e-05
1.79689e+00 1.99608e-05 -2.50193e-08 -1.53719e-03 -6.29810e-05
1.82293e+00 2.07458e-05 -2.60239e-08 -1.59891e-03 -6.54581e-05
1.84897e+00 2.15086e-05 -2.70004e-08 -1.65891e-03 -6.78651e-05
1.87501e+00 2.22484e-05 -2.79483e-08 -1.71714e-03 -7.01995e-05
1.90105e+00 2.29644e-05 -2.88660e-08 -1.77352e-03 -7.24587e-05
1.92709e+00 2.36557e-05 -2.97530e-08 -1.82802e-03 -7.46403e-05
1.95313e+00 2.43218e-05 -3.06076e-08 -1.88053e-03 -7.67420e-05
1.97918e+00 2.49618e-05 -3.14296e-08 -1.93104e-03 -7.87614e-05
2.00522e+00 2.55751e-05 -3.22170e-08 -1.97941e-03 -8.06966e-05
2.03126e+00 2.61610e-05 -3.29701e-08 -2.02568e-03 -8.25454e-05
2.05730e+00 2.67189e-05 -3.36870e-08 -2.06973e-03 -8.43057e-05
2.08334e+00 2.72482e-05 -3.43675e-08 -2.11154e-03 -8.59758e-05
2.10938e+00 2.77483e-05 -3.50099e-08 -2.15101e-03 -8.75538e-05
2.13542e+00 2.82187e-05 -3.56146e-08 -2.18816e-03 -8.90381e-05
2.16146e+00 2.86588e-05 -3.61806e-08 -2.22293e-03 -9.04270e-05
2.18751e+00 2.90683e-05 -3.67083e-08 -2.25536e-03 -9.17191e-05
2.21355e+00 2.94467e-05 -3.71963e-08 -2.28534e-03 -9.29130e-05
2.23959e+00 2.97936e-05 -3.76452e-08 -2.31292e-03 -9.40074e-05
2.26563e+00 3.01085e-05 -3.80548e-08 -2.33808e-03 -9.50011e-05
2.29167e+00 3.03912e-05 -3.84242e-08 -2.36078e-03 -9.58931e-05
2.31771e+00 3.06416e-05 -3.87553e-08 -2.38113e-03 -9.66825e-05
2.34375e+00 3.08592e-05 -3.90447e-08 -2.39891e-03 -9.73683e-05
2.36979e+00 3.10433e-05 -3.92941e-08 -2.41423e-03 -9.79498e-05
2.39584e+00 3.11943e-05 -3.95010e-08 -2.42694e-03 -9.84265e-05
2.42188e+00 3.13124e-05 -3.96589e-08 -2.43664e-03 -9.87977e-05
2.44792e+00 3.13965e-05 -3.97771e-08 -2.44390e-03 -9.90632e-05
2.47396e+00 3.14470e-05 -3.98524e-08 -2.44853e-03 -9.92226e-05
2.50000e+00 3.14642e-05 -3.98811e-08 -2.45030e-03 -9.92757e-05
