0.00000e+00 3.06492e-05 8.47635e-08 4.16629e-02 -9.67274e-05
2.60412e-02 3.06328e-05 8.47096e-08 4.16364e-02 -9.66756e-05
5.20824e-02 3.05839e-05 8.45685e-08 4.15671e-02 -9.65203e-05
7.81236e-02 3.05023e-05 8.43374e-08 4.14535e-02 -9.62616e-05
1.04165e-01 3.03874e-05 8.40159e-08 4.12955e-02 -9.58999e-05
1.30206e-01 3.02404e-05 8.36101e-08 4.10960e-02 -9.54355e-05
1.56247e-01 3.00613e-05 8.31115e-08 4.08509e-02 -9.48689e-05
1.82288e-01 2.98495e-05 8.25248e-08 4.05626e-02 -9.42007e-05
2.08330e-01 2.96057e-05 8.18513e-08 4.02315e-02 -9.34316e-05
2.34371e-01 2.93304e-05 8.10912e-08 3.98579e-02 -9.25625e-05
2.60412e-01 2.90236e-05 8.02440e-08 3.94415e-02 -9.15943e-05
2.86453e-01 2.86858e-05 7.93115e-08 3.89832e-02 -9.05279e-05
3.12494e-01 2.83172e-05 7.82941e-08 3.84831e-02 -8.93647e-05
3.38536e-01 2.79183e-05 7.71934e-08 3.79421e-02 -8.81058e-05
3.64577e-01 2.74895e-05 7.60102e-08 3.73605e-02 -8.67525e-05
3.90618e-01 2.70312e-05 7.47457e-08 3.67390e-02 -8.53063e-05
4.16659e-01 2.65441e-05 7.34013e-08 3.60782e-02 -8.37688e-05
4.42701e-01 2.60284e-05 7.19781e-08 3.53787e-02 -8.21416e-05
4.68742e-01 2.54849e-05 7.04779e-08 3.46413e-02 -8.04264e-05
4.94783e-01 2.49141e-05 6.89023e-08 3.38669e-02 -7.86251e-05
5.20824e-01 2.43166e-05 6.72530e-08 3.30562e-02 -7.67397e-05
5.46866e-01 2.36931e-05 6.55317e-08 3.22101e-02 -7.47720e-05
5.72907e-01 2.30442e-05 6.37403e-08 3.13296e-02 -7.27243e-05
5.98948e-01 2.23706e-05 6.18807e-08 3.04156e-02 -7.05987e-05
6.24990e-01 2.16731e-05 5.99548e-08 2.94690e-02 -6.83975e-05
6.51031e-01 2.09523e-05 5.79647e-08 2.84908e-02 -6.61230e-05
6.77072e-01 2.02091e-05 5.59124e-08 2.74821e-02 -6.37778e-05
7.03114e-01 1.94443e-05 5.38003e-08 2.64439e-02 -6.13643e-05
7.29155e-01 1.86587e-05 5.16306e-08 2.53775e-02 -5.88850e-05
7.55196e-01 1.78530e-05 4.94055e-08 2.42838e-02 -5.63427e-05
7.81238e-01 1.70283e-05 4.71274e-08 2.31641e-02 -5.37401e-05
8.07279e-01 1.61853e-05 4.47988e-08 2.20195e-02 -5.10799e-05
8.33321e-01 1.53250e-05 4.24221e-08 2.08513e-02 -4.83650e-05
8.59362e-01 1.44482e-05 3.99997e-08 1.96607e-02 -4.55984e-05
8.85403e-01 1.35560e-05 3.75344e-08 1.84489e-02 -4.27829e-05
9.11445e-01 1.26493e-05 3.50288e-08 1.72174e-02 -3.99216e-05
9.37486e-01 1.17290e-05 3.24857e-08 1.59674e-02 -3.70175e-05
9.63528e-01 1.07961e-05 2.99077e-08 1.47002e-02 -3.40738e-05
9.89569e-01 9.85173e-06 2.72976e-08 1.34173e-02 -3.10936e-05
1.01561e+00 8.89677e-06 2.46583e-08 1.21200e-02 -2.80801e-05
1.04165e+00 7.93228e-06 2.19925e-08 1.08098e-02 -2.50366e-05
1.06769e+00 6.95930e-06 1.93031e-08 9.48786e-03 -2.19662e-05
1.09374e+00 5.97886e-06 1.65930e-08 8.15579e-03 -1.88723e-05
1.11978e+00 4.99202e-06 1.38651e-08 6.81497e-03 -1.57582e-05
1.14582e+00 3.99982e-06 1.11223e-08 5.46685e-03 -1.26272e-05
1.17186e+00 3.00335e-06 8.36750e-09 4.11279e-03 -9.48271e-06
1.19790e+00 2.00365e-06 5.60370e-09 2.75433e-03 -6.32806e-06
1.22394e+00 1.00181e-06 2.83377e-09 1.39285e-03 -3.16662e-06
1.24999e+00 -1.10051e-09 6.08631e-11 2.99154e-05 -1.79083e-09
1.27603e+00 -1.00401e-06 -2.71250e-09 -1.33325e-03 3.16304e-06
1.30207e+00 -2.00584e-06 -5.48291e-09 -2.69496e-03 6.32449e-06
1.32811e+00 -3.00553e-06 -8.24755e-09 -4.05383e-03 9.47917e-06
1.35415e+00 -4.00201e-06 -1.10033e-08 -5.40836e-03 1.26237e-05
1.38019e+00 -4.99420e-06 -1.37475e-08 -6.75718e-03 1.57547e-05
1.40624e+00 -5.98104e-06 -1.64770e-08 -8.09875e-03 1.88689e-05
1.43228e+00 -6.96147e-06 -1.91888e-08 -9.43169e-03 2.19628e-05
1.45832e+00 -7.93446e-06 -2.18802e-08 -1.07545e-02 2.50332e-05
1.48436e+00 -8.89895e-06 -2.45483e-08 -1.20660e-02 2.80768e-05
1.51040e+00 -9.85391e-06 -2.71902e-08 -1.33645e-02 3.10904e-05
1.53644e+00 -1.07983e-05 -2.98031e-08 -1.46488e-02 3.40707e-05
1.56249e+00 -1.17312e-05 -3.23842e-08 -1.59175e-02 3.70144e-05
1.58853e+00 -1.26515e-05 -3.49309e-08 -1.71692e-02 3.99186e-05
1.61457e+00 -1.35582e-05 -3.74403e-08 -1.84026e-02 4.27800e-05
1.64061e+00 -1.44504e-05 -3.99097e-08 -1.96164e-02 4.55956e-05
1.66665e+00 -1.53272e-05 -4.23366e-08 -2.08093e-02 4.83623e-05
1.69270e+00 -1.61875e-05 -4.47182e-08 -2.19799e-02 5.10773e-05
1.71874e+00 -1.70305e-05 -4.70522e-08 -2.31271e-02 5.37376e-05
1.74478e+00 -1.78553e-05 -4.93358e-08 -2.42495e-02 5.63404e-05
1.77082e+00 -1.86609e-05 -5.15668e-08 -2.53461e-02 5.88828e-05
1.79686e+00 -1.94466e-05 -5.37427e-08 -2.64156e-02 6.13621e-05
1.82291e+00 -2.02114e-05 -5.58612e-08 -2.74569e-02 6.37758e-05
1.84895e+00 -2.09546e-05 -5.79201e-08 -2.84689e-02 6.61211e-05
1.87499e+00 -2.16753e-05 -5.99171e-08 -2.94504e-02 6.83957e-05
1.90103e+00 -2.23729e-05 -6.18503e-08 -3.04007e-02 7.05970e-05
1.92707e+00 -2.30464e-05 -6.37174e-08 -3.13184e-02 7.27227e-05
1.95312e+00 -2.36953e-05 -6.55166e-08 -3.22027e-02 7.47706e-05
1.97916e+00 -2.43188e-05 -6.72459e-08 -3.30527e-02 7.67383e-05
2.00520e+00 -2.49163e-05 -6.89039e-08 -3.38677e-02 7.86239e-05
2.03124e+00 -2.54871e-05 -7.04884e-08 -3.46465e-02 8.04253e-05
2.05728e+00 -2.60306e-05 -7.19984e-08 -3.53886e-02 8.21406e-05
2.08333e+00 -2.65462e-05 -7.34314e-08 -3.60930e-02 8.37679e-05
2.10937e+00 -2.70333e-05 -7.47884e-08 -3.67600e-02 8.53055e-05
2.13541e+00 -2.74914e-05 -7.60654e-08 -3.73877e-02 8.67518e-05
2.16145e+00 -2.79201e-05 -7.72619e-08 -3.79758e-02 8.81052e-05
2.18749e+00 -2.83189e-05 -7.83760e-08 -3.85234e-02 8.93642e-05
2.21354e+00 -2.86874e-05 -7.94077e-08 -3.90305e-02 9.05275e-05
2.23958e+00 -2.90251e-05 -8.03546e-08 -3.94959e-02 9.15939e-05
2.26562e+00 -2.93317e-05 -8.12166e-08 -3.99196e-02 9.25622e-05
2.29166e+00 -2.96069e-05 -8.19918e-08 -4.03006e-02 9.34314e-05
2.31770e+00 -2.98506e-05 -8.26818e-08 -4.06397e-02 9.42005e-05
2.34375e+00 -3.00622e-05 -8.32844e-08 -4.09360e-02 9.48687e-05
2.36979e+00 -3.02411e-05 -8.37995e-08 -4.11891e-02 9.54354e-05
2.39583e+00 -3.03880e-05 -8.42219e-08 -4.13968e-02 9.58998e-05
2.42187e+00 -3.05026e-05 -8.45585e-08 -4.15622e-02 9.62616e-05
2.44792e+00 -3.05840e-05 -8.48040e-08 -4.16829e-02 9.65203e-05
2.47396e+00 -3.06328e-05 -8.49564e-08 -4.17578e-02 9.66756e-05
2.50000e+00 -3.06490e-05 -8.50190e-08 -4.17885e-02 9.67274e-05
