0.00000e+00 9.60633e-05 1.66295e-08 1.24721e-06 -1.00000e-04
2.60402e-02 9.60119e-05 1.66215e-08 1.24661e-06 -9.99464e-05
5.20803e-02 9.58577e-05 1.65971e-08 1.24478e-06 -9.97859e-05
7.81205e-02 9.56006e-05 1.65551e-08 1.24163e-06 -9.95185e-05
1.04161e-01 9.52413e-05 1.64956e-08 1.23717e-06 -9.91446e-05
1.30201e-01 9.47802e-05 1.64205e-08 1.23154e-06 -9.86645e-05
1.56241e-01 9.42174e-05 1.63276e-08 1.22457e-06 -9.80787e-05
1.82281e-01 9.35538e-05 1.62172e-08 1.21629e-06 -9.73880e-05
2.08321e-01 9.27900e-05 1.60897e-08 1.20673e-06 -9.65930e-05
2.34362e-01 9.19269e-05 1.59454e-08 1.19591e-06 -9.56945e-05
2.60402e-01 9.09654e-05 1.57841e-08 1.18381e-06 -9.46936e-05
2.86442e-01 8.99064e-05 1.56059e-08 1.17044e-06 -9.35913e-05
3.12482e-01 8.87512e-05 1.54109e-08 1.15582e-06 -9.23888e-05
3.38523e-01 8.75010e-05 1.51993e-08 1.13994e-06 -9.10874e-05
3.64563e-01 8.61570e-05 1.49712e-08 1.12284e-06 -8.96884e-05
3.90603e-01 8.47209e-05 1.47269e-08 1.10452e-06 -8.81934e-05
4.16644e-01 8.31940e-05 1.44666e-08 1.08500e-06 -8.66040e-05
4.42684e-01 8.15780e-05 1.41902e-08 1.06426e-06 -8.49218e-05
4.68724e-01 7.98747e-05 1.38983e-08 1.04238e-06 -8.31487e-05
4.94765e-01 7.80859e-05 1.35914e-08 1.01936e-06 -8.12866e-05
5.20805e-01 7.62134e-05 1.32698e-08 9.95234e-07 -7.93375e-05
5.46846e-01 7.42594e-05 1.29338e-08 9.70034e-07 -7.73034e-05
5.72886e-01 7.22258e-05 1.25838e-08 9.43785e-07 -7.51865e-05
5.98927e-01 7.01149e-05 1.22203e-08 9.16519e-07 -7.29891e-05
6.24967e-01 6.79289e-05 1.18435e-08 8.88265e-07 -7.07136e-05
6.51008e-01 6.56702e-05 1.14540e-08 8.59052e-07 -6.83623e-05
6.77049e-01 6.33412e-05 1.10522e-08 8.28913e-07 -6.59379e-05
7.03089e-01 6.09443e-05 1.06384e-08 7.97880e-07 -6.34428e-05
7.29130e-01 5.84822e-05 1.02131e-08 7.65986e-07 -6.08798e-05
7.55171e-01 5.59574e-05 9.77681e-09 7.33261e-07 -5.82516e-05
7.81211e-01 5.33728e-05 9.32990e-09 6.99743e-07 -5.55610e-05
8.07252e-01 5.07309e-05 8.87283e-09 6.65462e-07 -5.28110e-05
8.33293e-01 4.80348e-05 8.40619e-09 6.30464e-07 -5.00044e-05
8.59334e-01 4.52872e-05 7.93015e-09 5.94761e-07 -4.71442e-05
8.85375e-01 4.24911e-05 7.44556e-09 5.58417e-07 -4.42335e-05
9.11416e-01 3.96495e-05 6.95285e-09 5.21464e-07 -4.12755e-05
9.37457e-01 3.67655e-05 6.45262e-09 4.83947e-07 -3.82733e-05
9.63498e-01 3.38421e-05 5.94537e-09 4.45902e-07 -3.52301e-05
9.89539e-01 3.08824e-05 5.43169e-09 4.07377e-07 -3.21492e-05
1.01558e+00 2.78897e-05 4.91213e-09 3.68410e-07 -2.90338e-05
1.04162e+00 2.48671e-05 4.38726e-09 3.29045e-07 -2.58873e-05
1.06766e+00 2.18179e-05 3.85762e-09 2.89321e-07 -2.27131e-05
1.09370e+00 1.87453e-05 3.32378e-09 2.49284e-07 -1.95146e-05
1.11975e+00 1.56526e-05 2.78633e-09 2.08975e-07 -1.62952e-05
1.14579e+00 1.25432e-05 2.24583e-09 1.68438e-07 -1.30583e-05
1.17183e+00 9.42028e-06 1.70278e-09 1.27708e-07 -9.80747e-06
1.19787e+00 6.28731e-06 1.15780e-09 8.68350e-08 -6.54610e-06
1.22391e+00 3.14760e-06 6.11427e-10 4.58571e-08 -3.27772e-06
1.24995e+00 4.50958e-09 6.43242e-11 4.82431e-09 -5.81804e-09
1.27600e+00 -3.13859e-06 -4.83396e-10 -3.62547e-08 3.26610e-06
1.30204e+00 -6.27833e-06 -1.03067e-09 -7.73002e-08 6.53452e-06
1.32808e+00 -9.41135e-06 -1.57698e-09 -1.18273e-07 9.79595e-06
1.35412e+00 -1.25343e-05 -2.12170e-09 -1.59127e-07 1.30469e-05
1.38016e+00 -1.56438e-05 -2.66431e-09 -1.99823e-07 1.62839e-05
1.40620e+00 -1.87366e-05 -3.20415e-09 -2.40311e-07 1.95034e-05
1.43225e+00 -2.18093e-05 -3.74063e-09 -2.80548e-07 2.27021e-05
1.45829e+00 -2.48587e-05 -4.27319e-09 -3.20490e-07 2.58765e-05
1.48433e+00 -2.78815e-05 -4.80135e-09 -3.60101e-07 2.90231e-05
1.51037e+00 -3.08744e-05 -5.32443e-09 -3.99332e-07 3.21387e-05
1.53641e+00 -3.38342e-05 -5.84190e-09 -4.38143e-07 3.52199e-05
1.56246e+00 -3.67579e-05 -6.35319e-09 -4.76489e-07 3.82634e-05
1.58850e+00 -3.96421e-05 -6.85780e-09 -5.14335e-07 4.12659e-05
1.61454e+00 -4.24840e-05 -7.35513e-09 -5.51635e-07 4.42242e-05
1.64058e+00 -4.52803e-05 -7.84468e-09 -5.88351e-07 4.71351e-05
1.66663e+00 -4.80281e-05 -8.32590e-09 -6.24442e-07 4.99956e-05
1.69267e+00 -5.07246e-05 -8.79805e-09 -6.59854e-07 5.28026e-05
1.71871e+00 -5.33667e-05 -9.26084e-09 -6.94563e-07 5.55530e-05
1.74475e+00 -5.59516e-05 -9.71382e-09 -7.28536e-07 5.82439e-05
1.77080e+00 -5.84767e-05 -1.01565e-08 -7.61734e-07 6.08725e-05
1.79684e+00 -6.09391e-05 -1.05883e-08 -7.94123e-07 6.34358e-05
1.82288e+00 -6.33363e-05 -1.10089e-08 -8.25667e-07 6.59313e-05
1.84892e+00 -6.56656e-05 -1.14178e-08 -8.56336e-07 6.83561e-05
1.87497e+00 -6.79247e-05 -1.18146e-08 -8.86093e-07 7.07078e-05
1.90101e+00 -7.01110e-05 -1.21989e-08 -9.14915e-07 7.29837e-05
1.92705e+00 -7.22222e-05 -1.25702e-08 -9.42764e-07 7.51814e-05
1.95310e+00 -7.42560e-05 -1.29282e-08 -9.69614e-07 7.72987e-05
1.97914e+00 -7.62104e-05 -1.32724e-08 -9.95432e-07 7.93332e-05
2.00518e+00 -7.80831e-05 -1.36027e-08 -1.02020e-06 8.12827e-05
2.03122e+00 -7.98723e-05 -1.39185e-08 -1.04389e-06 8.31451e-05
2.05727e+00 -8.15759e-05 -1.42196e-08 -1.06647e-06 8.49186e-05
2.08331e+00 -8.31921e-05 -1.45056e-08 -1.08792e-06 8.66011e-05
2.10935e+00 -8.47192e-05 -1.47764e-08 -1.10823e-06 8.81908e-05
2.13540e+00 -8.61557e-05 -1.50315e-08 -1.12736e-06 8.96861e-05
2.16144e+00 -8.74998e-05 -1.52707e-08 -1.14530e-06 9.10854e-05
2.18748e+00 -8.87503e-05 -1.54935e-08 -1.16202e-06 9.23871e-05
2.21353e+00 -8.99057e-05 -1.57000e-08 -1.17750e-06 9.35899e-05
2.23957e+00 -9.09648e-05 -1.58897e-08 -1.19173e-06 9.46924e-05
2.26561e+00 -9.19265e-05 -1.60625e-08 -1.20469e-06 9.56935e-05
2.29165e+00 -9.27898e-05 -1.62181e-08 -1.21636e-06 9.65922e-05
2.31770e+00 -9.35537e-05 -1.63565e-08 -1.22674e-06 9.73874e-05
2.34374e+00 -9.42174e-05 -1.64775e-08 -1.23581e-06 9.80783e-05
2.36978e+00 -9.47803e-05 -1.65804e-08 -1.24353e-06 9.86642e-05
2.39583e+00 -9.52415e-05 -1.66649e-08 -1.24986e-06 9.91444e-05
2.42187e+00 -9.56009e-05 -1.67321e-08 -1.25491e-06 9.95184e-05
2.44791e+00 -9.58580e-05 -1.67808e-08 -1.25856e-06 9.97858e-05
2.47396e+00 -9.60123e-05 -1.68099e-08 -1.26074e-06 9.99464e-05
2.50000e+00 -9.60637e-05 -1.68210e-08 -1.26157e-06 1.00000e-04
