0.00000e+00 2.63717e-05 -1.65782e-07 -3.18301e-04 -8.47107e-05
2.60413e-02 2.63573e-05 -1.65692e-07 -3.18128e-04 -8.46654e-05
5.20825e-02 2.63150e-05 -1.65421e-07 -3.17609e-04 -8.45294e-05
7.81238e-02 2.62447e-05 -1.64974e-07 -3.16750e-04 -8.43028e-05
1.04165e-01 2.61456e-05 -1.64354e-07 -3.15560e-04 -8.39860e-05
1.30206e-01 2.60189e-05 -1.63553e-07 -3.14021e-04 -8.35793e-05
1.56248e-01 2.58648e-05 -1.62572e-07 -3.12139e-04 -8.30831e-05
1.82289e-01 2.56825e-05 -1.61425e-07 -3.09936e-04 -8.24979e-05
2.08330e-01 2.54726e-05 -1.60106e-07 -3.07403e-04 -8.18244e-05
2.34371e-01 2.52357e-05 -1.58610e-07 -3.04532e-04 -8.10632e-05
2.60413e-01 2.49718e-05 -1.56945e-07 -3.01334e-04 -8.02153e-05
2.86454e-01 2.46811e-05 -1.55112e-07 -2.97815e-04 -7.92815e-05
3.12495e-01 2.43639e-05 -1.53113e-07 -2.93977e-04 -7.82627e-05
3.38536e-01 2.40207e-05 -1.50951e-07 -2.89825e-04 -7.71602e-05
3.64578e-01 2.36517e-05 -1.48627e-07 -2.85363e-04 -7.59750e-05
3.90619e-01 2.32574e-05 -1.46144e-07 -2.80597e-04 -7.47085e-05
4.16660e-01 2.28382e-05 -1.43506e-07 -2.75531e-04 -7.33620e-05
4.42702e-01 2.23945e-05 -1.40714e-07 -2.70171e-04 -7.19369e-05
4.68743e-01 2.19269e-05 -1.37772e-07 -2.64522e-04 -7.04348e-05
4.94784e-01 2.14357e-05 -1.34683e-07 -2.58591e-04 -6.88573e-05
5.20826e-01 2.09216e-05 -1.31449e-07 -2.52383e-04 -6.72061e-05
5.46867e-01 2.03851e-05 -1.28076e-07 -2.45905e-04 -6.54828e-05
5.72908e-01 1.98268e-05 -1.24565e-07 -2.39164e-04 -6.36895e-05
5.98950e-01 1.92473e-05 -1.20921e-07 -2.32168e-04 -6.18280e-05
6.24991e-01 1.86471e-05 -1.17147e-07 -2.24923e-04 -5.99002e-05
6.51032e-01 1.80269e-05 -1.13249e-07 -2.17438e-04 -5.79083e-05
6.77074e-01 1.73875e-05 -1.09229e-07 -2.09720e-04 -5.58544e-05
7.03115e-01 1.67294e-05 -1.05093e-07 -2.01778e-04 -5.37407e-05
7.29157e-01 1.60535e-05 -1.00844e-07 -1.93620e-04 -5.15695e-05
7.55198e-01 1.53603e-05 -9.64871e-08 -1.85255e-04 -4.93430e-05
7.81239e-01 1.46507e-05 -9.20272e-08 -1.76692e-04 -4.70637e-05
8.07281e-01 1.39254e-05 -8.74689e-08 -1.67940e-04 -4.47340e-05
8.33322e-01 1.31852e-05 -8.28171e-08 -1.59009e-04 -4.23564e-05
8.59364e-01 1.24309e-05 -7.80769e-08 -1.49908e-04 -3.99334e-05
8.85405e-01 1.16632e-05 -7.32532e-08 -1.40646e-04 -3.74677e-05
9.11447e-01 1.08831e-05 -6.83512e-08 -1.31234e-04 -3.49618e-05
9.37488e-01 1.00913e-05 -6.33762e-08 -1.21682e-04 -3.24186e-05
9.63530e-01 9.28870e-06 -5.83334e-08 -1.12000e-04 -2.98406e-05
9.89571e-01 8.47617e-06 -5.32282e-08 -1.02198e-04 -2.72306e-05
1.01561e+00 7.65455e-06 -4.80661e-08 -9.22868e-05 -2.45915e-05
1.04165e+00 6.82473e-06 -4.28526e-08 -8.22769e-05 -2.19260e-05
1.06770e+00 5.98761e-06 -3.75933e-08 -7.21792e-05 -1.92371e-05
1.09374e+00 5.14407e-06 -3.22939e-08 -6.20043e-05 -1.65276e-05
1.11978e+00 4.29501e-06 -2.69600e-08 -5.17631e-05 -1.38003e-05
1.14582e+00 3.44136e-06 -2.15973e-08 -4.14667e-05 -1.10583e-05
1.17186e+00 2.58403e-06 -1.62114e-08 -3.11259e-05 -8.30445e-06
1.19790e+00 1.72392e-06 -1.08082e-08 -2.07518e-05 -5.54170e-06
1.22395e+00 8.61966e-07 -5.39348e-09 -1.03555e-05 -2.77302e-06
1.24999e+00 -9.11816e-10 2.70103e-11 5.18597e-08 -1.36180e-09
1.27603e+00 -8.63786e-07 5.44774e-09 1.04597e-05 2.77030e-06
1.30207e+00 -1.72574e-06 1.08626e-08 2.08562e-05 5.53899e-06
1.32811e+00 -2.58584e-06 1.62658e-08 3.12303e-05 8.30176e-06
1.35415e+00 -3.44318e-06 2.16515e-08 4.15709e-05 1.10556e-05
1.38020e+00 -4.29684e-06 2.70141e-08 5.18671e-05 1.37977e-05
1.40624e+00 -5.14589e-06 3.23477e-08 6.21075e-05 1.65249e-05
1.43228e+00 -5.98944e-06 3.76465e-08 7.22814e-05 1.92345e-05
1.45832e+00 -6.82657e-06 4.29050e-08 8.23776e-05 2.19235e-05
1.48436e+00 -7.65640e-06 4.81176e-08 9.23857e-05 2.45890e-05
1.51040e+00 -8.47803e-06 5.32785e-08 1.02295e-04 2.72282e-05
1.53645e+00 -9.29058e-06 5.83824e-08 1.12094e-04 2.98382e-05
1.56249e+00 -1.00932e-05 6.34236e-08 1.21773e-04 3.24162e-05
1.58853e+00 -1.08850e-05 6.83970e-08 1.31322e-04 3.49596e-05
1.61457e+00 -1.16652e-05 7.32971e-08 1.40730e-04 3.74655e-05
1.64061e+00 -1.24328e-05 7.81188e-08 1.49988e-04 3.99313e-05
1.66666e+00 -1.31872e-05 8.28569e-08 1.59085e-04 4.23543e-05
1.69270e+00 -1.39274e-05 8.75066e-08 1.68013e-04 4.47320e-05
1.71874e+00 -1.46527e-05 9.20626e-08 1.76760e-04 4.70618e-05
1.74478e+00 -1.53623e-05 9.65202e-08 1.85319e-04 4.93412e-05
1.77082e+00 -1.60555e-05 1.00874e-07 1.93679e-04 5.15678e-05
1.79687e+00 -1.67314e-05 1.05120e-07 2.01831e-04 5.37391e-05
1.82291e+00 -1.73895e-05 1.09254e-07 2.09767e-04 5.58529e-05
1.84895e+00 -1.80289e-05 1.13270e-07 2.17478e-04 5.79069e-05
1.87499e+00 -1.86491e-05 1.17165e-07 2.24956e-04 5.98989e-05
1.90103e+00 -1.92492e-05 1.20934e-07 2.32193e-04 6.18267e-05
1.92707e+00 -1.98288e-05 1.24574e-07 2.39182e-04 6.36883e-05
1.95312e+00 -2.03871e-05 1.28080e-07 2.45914e-04 6.54817e-05
1.97916e+00 -2.09236e-05 1.31449e-07 2.52383e-04 6.72050e-05
2.00520e+00 -2.14377e-05 1.34677e-07 2.58580e-04 6.88564e-05
2.03124e+00 -2.19288e-05 1.37761e-07 2.64501e-04 7.04340e-05
2.05728e+00 -2.23965e-05 1.40697e-07 2.70139e-04 7.19362e-05
2.08333e+00 -2.28402e-05 1.43483e-07 2.75487e-04 7.33613e-05
2.10937e+00 -2.32594e-05 1.46116e-07 2.80542e-04 7.47079e-05
2.13541e+00 -2.36536e-05 1.48592e-07 2.85297e-04 7.59745e-05
2.16145e+00 -2.40225e-05 1.50909e-07 2.89746e-04 7.71597e-05
2.18750e+00 -2.43657e-05 1.53065e-07 2.93885e-04 7.82623e-05
2.21354e+00 -2.46829e-05 1.55058e-07 2.97711e-04 7.92811e-05
2.23958e+00 -2.49735e-05 1.56885e-07 3.01218e-04 8.02150e-05
2.26562e+00 -2.52374e-05 1.58544e-07 3.04405e-04 8.10630e-05
2.29166e+00 -2.54743e-05 1.60034e-07 3.07265e-04 8.18242e-05
2.31771e+00 -2.56841e-05 1.61348e-07 3.09788e-04 8.24978e-05
2.34375e+00 -2.58664e-05 1.62489e-07 3.11980e-04 8.30830e-05
2.36979e+00 -2.60204e-05 1.63465e-07 3.13852e-04 8.35792e-05
2.39583e+00 -2.61470e-05 1.64262e-07 3.15382e-04 8.39860e-05
2.42187e+00 -2.62459e-05 1.64879e-07 3.16567e-04 8.43028e-05
2.44792e+00 -2.63162e-05 1.65324e-07 3.17421e-04 8.45294e-05
2.47396e+00 -2.63584e-05 1.65593e-07 3.17938e-04 8.46654e-05
2.50000e+00 -2.63727e-05 1.65683e-07 3.18112e-04 8.47107e-05
