0.00000e+00 -5.87876e-06 -3.26666e-07 -2.50879e-03 1.82236e-05
2.60418e-02 -5.87561e-06 -3.26487e-07 -2.50742e-03 1.82138e-05
5.20835e-02 -5.86614e-06 -3.25967e-07 -2.50343e-03 1.81845e-05
7.81253e-02 -5.85041e-06 -3.25103e-07 -2.49679e-03 1.81358e-05
1.04167e-01 -5.82837e-06 -3.23871e-07 -2.48733e-03 1.80676e-05
1.30209e-01 -5.80002e-06 -3.22291e-07 -2.47519e-03 1.79801e-05
1.56251e-01 -5.76563e-06 -3.20386e-07 -2.46057e-03 1.78734e-05
1.82292e-01 -5.72507e-06 -3.18139e-07 -2.44331e-03 1.77475e-05
2.08334e-01 -5.67829e-06 -3.15541e-07 -2.42336e-03 1.76026e-05
2.34376e-01 -5.62544e-06 -3.12604e-07 -2.40080e-03 1.74388e-05
2.60418e-01 -5.56654e-06 -3.09331e-07 -2.37566e-03 1.72564e-05
2.86459e-01 -5.50170e-06 -3.05728e-07 -2.34799e-03 1.70555e-05
3.12501e-01 -5.43096e-06 -3.01798e-07 -2.31781e-03 1.68364e-05
3.38543e-01 -5.35442e-06 -2.97545e-07 -2.28514e-03 1.65992e-05
3.64585e-01 -5.27214e-06 -2.92973e-07 -2.25003e-03 1.63442e-05
3.90626e-01 -5.18422e-06 -2.88088e-07 -2.21252e-03 1.60717e-05
4.16668e-01 -5.09075e-06 -2.82895e-07 -2.17263e-03 1.57820e-05
4.42710e-01 -4.99185e-06 -2.77399e-07 -2.13042e-03 1.54755e-05
4.68752e-01 -4.88761e-06 -2.71606e-07 -2.08594e-03 1.51523e-05
4.94793e-01 -4.77813e-06 -2.65523e-07 -2.03922e-03 1.48129e-05
5.20835e-01 -4.66353e-06 -2.59155e-07 -1.99031e-03 1.44577e-05
5.46877e-01 -4.54395e-06 -2.52510e-07 -1.93928e-03 1.40870e-05
5.72919e-01 -4.41950e-06 -2.45594e-07 -1.88616e-03 1.37012e-05
5.98960e-01 -4.29031e-06 -2.38416e-07 -1.83103e-03 1.33007e-05
6.25002e-01 -4.15654e-06 -2.30982e-07 -1.77394e-03 1.28860e-05
6.51044e-01 -4.01831e-06 -2.23301e-07 -1.71495e-03 1.24574e-05
6.77085e-01 -3.87577e-06 -2.15380e-07 -1.65412e-03 1.20156e-05
7.03127e-01 -3.72909e-06 -2.07229e-07 -1.59152e-03 1.15609e-05
7.29169e-01 -3.57841e-06 -1.98857e-07 -1.52722e-03 1.10938e-05
7.55211e-01 -3.42390e-06 -1.90271e-07 -1.46128e-03 1.06148e-05
7.81252e-01 -3.26572e-06 -1.81481e-07 -1.39377e-03 1.01244e-05
8.07294e-01 -3.10405e-06 -1.72497e-07 -1.32478e-03 9.62323e-06
8.33336e-01 -2.93905e-06 -1.63329e-07 -1.25436e-03 9.11173e-06
8.59377e-01 -2.77091e-06 -1.53985e-07 -1.18260e-03 8.59048e-06
8.85419e-01 -2.59979e-06 -1.44477e-07 -1.10958e-03 8.06002e-06
9.11461e-01 -2.42590e-06 -1.34814e-07 -1.03537e-03 7.52094e-06
9.37503e-01 -2.24941e-06 -1.25006e-07 -9.60047e-04 6.97380e-06
9.63544e-01 -2.07050e-06 -1.15065e-07 -8.83697e-04 6.41919e-06
9.89586e-01 -1.88938e-06 -1.05000e-07 -8.06400e-04 5.85771e-06
1.01563e+00 -1.70624e-06 -9.48229e-08 -7.28240e-04 5.28996e-06
1.04167e+00 -1.52127e-06 -8.45442e-08 -6.49300e-04 4.71655e-06
1.06771e+00 -1.33467e-06 -7.41750e-08 -5.69664e-04 4.13808e-06
1.09375e+00 -1.14663e-06 -6.37263e-08 -4.89418e-04 3.55518e-06
1.11979e+00 -9.57375e-07 -5.32094e-08 -4.08648e-04 2.96847e-06
1.14584e+00 -7.67090e-07 -4.26354e-08 -3.27440e-04 2.37859e-06
1.17188e+00 -5.75983e-07 -3.20158e-08 -2.45882e-04 1.78616e-06
1.19792e+00 -3.84259e-07 -2.13619e-08 -1.64060e-04 1.19182e-06
1.22396e+00 -1.92124e-07 -1.06851e-08 -8.20618e-05 5.96197e-07
1.25000e+00 2.16397e-10 3.15987e-12 2.42678e-08 -6.12855e-11
1.27604e+00 1.92552e-07 1.06916e-08 8.21116e-05 -5.96319e-07
1.30209e+00 3.84683e-07 2.13687e-08 1.64111e-04 -1.19194e-06
1.32813e+00 5.76401e-07 3.20229e-08 2.45936e-04 -1.78628e-06
1.35417e+00 7.67501e-07 4.26428e-08 3.27497e-04 -2.37871e-06
1.38021e+00 9.57780e-07 5.32171e-08 4.08707e-04 -2.96859e-06
1.40625e+00 1.14703e-06 6.37345e-08 4.89481e-04 -3.55530e-06
1.43229e+00 1.33506e-06 7.41836e-08 5.69730e-04 -4.13819e-06
1.45834e+00 1.52165e-06 8.45533e-08 6.49369e-04 -4.71666e-06
1.48438e+00 1.70662e-06 9.48324e-08 7.28313e-04 -5.29007e-06
1.51042e+00 1.88976e-06 1.05010e-07 8.06477e-04 -5.85782e-06
1.53646e+00 2.07088e-06 1.15075e-07 8.83778e-04 -6.41930e-06
1.56250e+00 2.24977e-06 1.25017e-07 9.60133e-04 -6.97390e-06
1.58854e+00 2.42626e-06 1.34825e-07 1.03546e-03 -7.52104e-06
1.61459e+00 2.60015e-06 1.44489e-07 1.10968e-03 -8.06012e-06
1.64063e+00 2.77126e-06 1.53998e-07 1.18270e-03 -8.59057e-06
1.66667e+00 2.93939e-06 1.63342e-07 1.25447e-03 -9.11182e-06
1.69271e+00 3.10438e-06 1.72512e-07 1.32489e-03 -9.62332e-06
1.71875e+00 3.26605e-06 1.81496e-07 1.39389e-03 -1.01245e-05
1.74479e+00 3.42422e-06 1.90287e-07 1.46140e-03 -1.06149e-05
1.77084e+00 3.57872e-06 1.98873e-07 1.52735e-03 -1.10938e-05
1.79688e+00 3.72939e-06 2.07247e-07 1.59165e-03 -1.15609e-05
1.82292e+00 3.87606e-06 2.15398e-07 1.65426e-03 -1.20157e-05
1.84896e+00 4.01858e-06 2.23319e-07 1.71509e-03 -1.24575e-05
1.87500e+00 4.15680e-06 2.31001e-07 1.77409e-03 -1.28860e-05
1.90104e+00 4.29057e-06 2.38436e-07 1.83118e-03 -1.33007e-05
1.92709e+00 4.41974e-06 2.45615e-07 1.88632e-03 -1.37012e-05
1.95313e+00 4.54418e-06 2.52531e-07 1.93944e-03 -1.40870e-05
1.97917e+00 4.66376e-06 2.59176e-07 1.99047e-03 -1.44577e-05
2.00521e+00 4.77833e-06 2.65545e-07 2.03938e-03 -1.48130e-05
2.03125e+00 4.88779e-06 2.71628e-07 2.08611e-03 -1.51524e-05
2.05729e+00 4.99202e-06 2.77421e-07 2.13059e-03 -1.54755e-05
2.08333e+00 5.09089e-06 2.82917e-07 2.17280e-03 -1.57821e-05
2.10938e+00 5.18432e-06 2.88110e-07 2.21268e-03 -1.60718e-05
2.13542e+00 5.27219e-06 2.92994e-07 2.25019e-03 -1.63442e-05
2.16146e+00 5.35441e-06 2.97565e-07 2.28530e-03 -1.65992e-05
2.18750e+00 5.43091e-06 3.01817e-07 2.31796e-03 -1.68364e-05
2.21354e+00 5.50159e-06 3.05747e-07 2.34814e-03 -1.70555e-05
2.23958e+00 5.56639e-06 3.09350e-07 2.37581e-03 -1.72564e-05
2.26563e+00 5.62523e-06 3.12623e-07 2.40094e-03 -1.74389e-05
2.29167e+00 5.67802e-06 3.15559e-07 2.42349e-03 -1.76026e-05
2.31771e+00 5.72475e-06 3.18156e-07 2.44344e-03 -1.77475e-05
2.34375e+00 5.76525e-06 3.20403e-07 2.46069e-03 -1.78734e-05
2.36979e+00 5.79956e-06 3.22305e-07 2.47530e-03 -1.79802e-05
2.39583e+00 5.82782e-06 3.23881e-07 2.48741e-03 -1.80677e-05
2.42188e+00 5.84979e-06 3.25110e-07 2.49684e-03 -1.81358e-05
2.44792e+00 5.86546e-06 3.25974e-07 2.50348e-03 -1.81845e-05
2.47396e+00 5.87488e-06 3.26495e-07 2.50748e-03 -1.82138e-05
2.50000e+00 5.87800e-06 3.26673e-07 2.50885e-03 -1.82236e-05
