0.00000e+00 -3.01015e-05 -1.04588e-07 -2.57036e-02 9.49425e-05
2.60421e-02 -3.00854e-05 -1.04524e-07 -2.56879e-02 9.48917e-05
5.20843e-02 -3.00374e-05 -1.04356e-07 -2.56465e-02 9.47392e-05
7.81264e-02 -2.99572e-05 -1.04077e-07 -2.55779e-02 9.44853e-05
1.04169e-01 -2.98444e-05 -1.03686e-07 -2.54820e-02 9.41302e-05
1.30211e-01 -2.97000e-05 -1.03192e-07 -2.53605e-02 9.36744e-05
1.56253e-01 -2.95242e-05 -1.02583e-07 -2.52108e-02 9.31182e-05
1.82295e-01 -2.93161e-05 -1.01865e-07 -2.50343e-02 9.24622e-05
2.08337e-01 -2.90766e-05 -1.01040e-07 -2.48315e-02 9.17073e-05
2.34379e-01 -2.88062e-05 -1.00108e-07 -2.46025e-02 9.08542e-05
2.60421e-01 -2.85049e-05 -9.90687e-08 -2.43471e-02 8.99038e-05
2.86463e-01 -2.81731e-05 -9.79242e-08 -2.40658e-02 8.88571e-05
3.12506e-01 -2.78111e-05 -9.66750e-08 -2.37588e-02 8.77152e-05
3.38548e-01 -2.74193e-05 -9.53230e-08 -2.34266e-02 8.64794e-05
3.64590e-01 -2.69981e-05 -9.38692e-08 -2.30693e-02 8.51510e-05
3.90632e-01 -2.65480e-05 -9.23152e-08 -2.26874e-02 8.37314e-05
4.16674e-01 -2.60695e-05 -9.06631e-08 -2.22814e-02 8.22222e-05
4.42716e-01 -2.55630e-05 -8.89131e-08 -2.18513e-02 8.06249e-05
4.68758e-01 -2.50292e-05 -8.70687e-08 -2.13980e-02 7.89413e-05
4.94800e-01 -2.44686e-05 -8.51311e-08 -2.09218e-02 7.71731e-05
5.20842e-01 -2.38817e-05 -8.31026e-08 -2.04233e-02 7.53223e-05
5.46884e-01 -2.32693e-05 -8.09854e-08 -1.99030e-02 7.33909e-05
5.72926e-01 -2.26320e-05 -7.87817e-08 -1.93614e-02 7.13808e-05
5.98968e-01 -2.19704e-05 -7.64937e-08 -1.87991e-02 6.92943e-05
6.25010e-01 -2.12853e-05 -7.41239e-08 -1.82167e-02 6.71336e-05
6.51052e-01 -2.05774e-05 -7.16747e-08 -1.76148e-02 6.49011e-05
6.77094e-01 -1.98474e-05 -6.91487e-08 -1.69940e-02 6.25990e-05
7.03136e-01 -1.90962e-05 -6.65487e-08 -1.63550e-02 6.02299e-05
7.29178e-01 -1.83245e-05 -6.38772e-08 -1.56985e-02 5.77963e-05
7.55220e-01 -1.75333e-05 -6.11372e-08 -1.50251e-02 5.53008e-05
7.81262e-01 -1.67232e-05 -5.83315e-08 -1.43355e-02 5.27460e-05
8.07304e-01 -1.58953e-05 -5.54629e-08 -1.36306e-02 5.01348e-05
8.33346e-01 -1.50503e-05 -5.25345e-08 -1.29109e-02 4.74700e-05
8.59388e-01 -1.41892e-05 -4.95492e-08 -1.21772e-02 4.47543e-05
8.85430e-01 -1.33128e-05 -4.65103e-08 -1.14304e-02 4.19906e-05
9.11472e-01 -1.24223e-05 -4.34212e-08 -1.06712e-02 3.91820e-05
9.37513e-01 -1.15184e-05 -4.02853e-08 -9.90051e-03 3.63315e-05
9.63555e-01 -1.06022e-05 -3.71059e-08 -9.11913e-03 3.34420e-05
9.89597e-01 -9.67466e-06 -3.38864e-08 -8.32793e-03 3.05167e-05
1.01564e+00 -8.73674e-06 -3.06304e-08 -7.52773e-03 2.75588e-05
1.04168e+00 -7.78947e-06 -2.73414e-08 -6.71941e-03 2.45713e-05
1.06772e+00 -6.83385e-06 -2.40228e-08 -5.90385e-03 2.15576e-05
1.09376e+00 -5.87091e-06 -2.06783e-08 -5.08191e-03 1.85207e-05
1.11981e+00 -4.90168e-06 -1.73115e-08 -4.25446e-03 1.54640e-05
1.14585e+00 -3.92720e-06 -1.39259e-08 -3.42243e-03 1.23908e-05
1.17189e+00 -2.94852e-06 -1.05251e-08 -2.58666e-03 9.30429e-06
1.19793e+00 -1.96667e-06 -7.11301e-09 -1.74809e-03 6.20782e-06
1.22397e+00 -9.82728e-07 -3.69302e-09 -9.07596e-04 3.10471e-06
1.25001e+00 2.27374e-09 -2.69208e-10 -6.61605e-05 -1.72510e-09
1.27606e+00 9.87261e-07 3.15510e-09 7.75398e-04 -3.10816e-06
1.30210e+00 1.97119e-06 6.57592e-09 1.61610e-03 -6.21126e-06
1.32814e+00 2.95302e-06 9.99000e-09 2.45514e-03 -9.30770e-06
1.35418e+00 3.93168e-06 1.33935e-08 3.29158e-03 -1.23942e-05
1.38022e+00 4.90613e-06 1.67830e-08 4.12459e-03 -1.54674e-05
1.40626e+00 5.87533e-06 2.01547e-08 4.95322e-03 -1.85240e-05
1.43231e+00 6.83823e-06 2.35053e-08 5.77666e-03 -2.15608e-05
1.45835e+00 7.79382e-06 2.68310e-08 6.59398e-03 -2.45745e-05
1.48439e+00 8.74106e-06 3.01287e-08 7.40444e-03 -2.75619e-05
1.51043e+00 9.67894e-06 3.33946e-08 8.20707e-03 -3.05198e-05
1.53647e+00 1.06065e-05 3.66256e-08 9.00110e-03 -3.34450e-05
1.56251e+00 1.15226e-05 3.98179e-08 9.78565e-03 -3.63344e-05
1.58855e+00 1.24264e-05 4.29690e-08 1.05601e-02 -3.91849e-05
1.61460e+00 1.33170e-05 4.60749e-08 1.13234e-02 -4.19934e-05
1.64064e+00 1.41932e-05 4.91326e-08 1.20748e-02 -4.47569e-05
1.66668e+00 1.50543e-05 5.21392e-08 1.28137e-02 -4.74726e-05
1.69272e+00 1.58992e-05 5.50909e-08 1.35391e-02 -5.01373e-05
1.71876e+00 1.67271e-05 5.79851e-08 1.42504e-02 -5.27484e-05
1.74480e+00 1.75371e-05 6.08183e-08 1.49467e-02 -5.53030e-05
1.77084e+00 1.83283e-05 6.35874e-08 1.56272e-02 -5.77984e-05
1.79689e+00 1.90999e-05 6.62898e-08 1.62914e-02 -6.02319e-05
1.82293e+00 1.98510e-05 6.89220e-08 1.69383e-02 -6.26009e-05
1.84897e+00 2.05809e-05 7.14818e-08 1.75674e-02 -6.49029e-05
1.87501e+00 2.12887e-05 7.39658e-08 1.81778e-02 -6.71354e-05
1.90105e+00 2.19737e-05 7.63726e-08 1.87693e-02 -6.92959e-05
1.92709e+00 2.26352e-05 7.86986e-08 1.93410e-02 -7.13823e-05
1.95313e+00 2.32725e-05 8.09422e-08 1.98923e-02 -7.33923e-05
1.97918e+00 2.38848e-05 8.31003e-08 2.04227e-02 -7.53236e-05
2.00522e+00 2.44716e-05 8.51725e-08 2.09320e-02 -7.71743e-05
2.03126e+00 2.50321e-05 8.71551e-08 2.14192e-02 -7.89424e-05
2.05730e+00 2.55658e-05 8.90477e-08 2.18844e-02 -8.06259e-05
2.08334e+00 2.60722e-05 9.08470e-08 2.23266e-02 -8.22231e-05
2.10938e+00 2.65505e-05 9.25555e-08 2.27464e-02 -8.37322e-05
2.13542e+00 2.70004e-05 9.41669e-08 2.31424e-02 -8.51517e-05
2.16146e+00 2.74214e-05 9.56802e-08 2.35144e-02 -8.64800e-05
2.18751e+00 2.78130e-05 9.70924e-08 2.38614e-02 -8.77157e-05
2.21355e+00 2.81748e-05 9.84040e-08 2.41838e-02 -8.88575e-05
2.23959e+00 2.85064e-05 9.96112e-08 2.44804e-02 -8.99041e-05
2.26563e+00 2.88075e-05 1.00714e-07 2.47514e-02 -9.08545e-05
2.29167e+00 2.90777e-05 1.01709e-07 2.49959e-02 -9.17075e-05
2.31771e+00 2.93169e-05 1.02598e-07 2.52146e-02 -9.24624e-05
2.34375e+00 2.95247e-05 1.03379e-07 2.54064e-02 -9.31183e-05
2.36979e+00 2.97004e-05 1.04049e-07 2.55711e-02 -9.36745e-05
2.39584e+00 2.98445e-05 1.04602e-07 2.57070e-02 -9.41303e-05
2.42188e+00 2.99569e-05 1.05046e-07 2.58161e-02 -9.44854e-05
2.44792e+00 3.00368e-05 1.05373e-07 2.58964e-02 -9.47392e-05
2.47396e+00 3.00846e-05 1.05576e-07 2.59464e-02 -9.48917e-05
2.50000e+00 3.01005e-05 1.05661e-07 2.59671e-02 -9.49425e-05
