0.00000e+00 -1.51992e-05 -2.91756e-07 -1.43404e-01 4.77159e-05
2.60419e-02 -1.51909e-05 -2.91597e-07 -1.43326e-01 4.76903e-05
5.20838e-02 -1.51668e-05 -2.91127e-07 -1.43095e-01 4.76137e-05
7.81257e-02 -1.51266e-05 -2.90343e-07 -1.42709e-01 4.74861e-05
1.04168e-01 -1.50694e-05 -2.89250e-07 -1.42172e-01 4.73076e-05
1.30210e-01 -1.49961e-05 -2.87857e-07 -1.41487e-01 4.70785e-05
1.56251e-01 -1.49074e-05 -2.86148e-07 -1.40648e-01 4.67990e-05
1.82293e-01 -1.48027e-05 -2.84124e-07 -1.39652e-01 4.64694e-05
2.08335e-01 -1.46818e-05 -2.81799e-07 -1.38510e-01 4.60900e-05
2.34377e-01 -1.45452e-05 -2.79178e-07 -1.37222e-01 4.56612e-05
2.60419e-01 -1.43930e-05 -2.76260e-07 -1.35787e-01 4.51835e-05
2.86461e-01 -1.42254e-05 -2.73044e-07 -1.34207e-01 4.46575e-05
3.12503e-01 -1.40425e-05 -2.69536e-07 -1.32482e-01 4.40837e-05
3.38545e-01 -1.38447e-05 -2.65739e-07 -1.30616e-01 4.34626e-05
3.64587e-01 -1.36320e-05 -2.61657e-07 -1.28610e-01 4.27950e-05
3.90628e-01 -1.34047e-05 -2.57294e-07 -1.26465e-01 4.20815e-05
4.16670e-01 -1.31631e-05 -2.52657e-07 -1.24186e-01 4.13230e-05
4.42712e-01 -1.29074e-05 -2.47748e-07 -1.21773e-01 4.05203e-05
4.68754e-01 -1.26378e-05 -2.42574e-07 -1.19230e-01 3.96742e-05
4.94796e-01 -1.23548e-05 -2.37140e-07 -1.16559e-01 3.87855e-05
5.20838e-01 -1.20585e-05 -2.31453e-07 -1.13764e-01 3.78554e-05
5.46880e-01 -1.17493e-05 -2.25517e-07 -1.10846e-01 3.68847e-05
5.72921e-01 -1.14275e-05 -2.19340e-07 -1.07810e-01 3.58745e-05
5.98963e-01 -1.10935e-05 -2.12928e-07 -1.04659e-01 3.48259e-05
6.25005e-01 -1.07476e-05 -2.06289e-07 -1.01395e-01 3.37400e-05
6.51047e-01 -1.03902e-05 -1.99428e-07 -9.80227e-02 3.26180e-05
6.77089e-01 -1.00216e-05 -1.92353e-07 -9.45455e-02 3.14610e-05
7.03131e-01 -9.64235e-06 -1.85073e-07 -9.09671e-02 3.02704e-05
7.29172e-01 -9.25274e-06 -1.77594e-07 -8.72912e-02 2.90473e-05
7.55214e-01 -8.85323e-06 -1.69926e-07 -8.35219e-02 2.77931e-05
7.81256e-01 -8.44423e-06 -1.62075e-07 -7.96633e-02 2.65092e-05
8.07298e-01 -8.02618e-06 -1.54051e-07 -7.57193e-02 2.51969e-05
8.33340e-01 -7.59955e-06 -1.45862e-07 -7.16942e-02 2.38576e-05
8.59381e-01 -7.16478e-06 -1.37517e-07 -6.75922e-02 2.24928e-05
8.85423e-01 -6.72233e-06 -1.29024e-07 -6.34178e-02 2.11038e-05
9.11465e-01 -6.27269e-06 -1.20393e-07 -5.91755e-02 1.96923e-05
9.37507e-01 -5.81633e-06 -1.11633e-07 -5.48698e-02 1.82597e-05
9.63549e-01 -5.35374e-06 -1.02753e-07 -5.05054e-02 1.68075e-05
9.89590e-01 -4.88542e-06 -9.37641e-08 -4.60869e-02 1.53374e-05
1.01563e+00 -4.41186e-06 -8.46744e-08 -4.16191e-02 1.38508e-05
1.04167e+00 -3.93358e-06 -7.54939e-08 -3.71068e-02 1.23494e-05
1.06772e+00 -3.45108e-06 -6.62325e-08 -3.25546e-02 1.08347e-05
1.09376e+00 -2.96489e-06 -5.69002e-08 -2.79676e-02 9.30849e-06
1.11980e+00 -2.47552e-06 -4.75069e-08 -2.33506e-02 7.77228e-06
1.14584e+00 -1.98350e-06 -3.80628e-08 -1.87086e-02 6.22775e-06
1.17188e+00 -1.48935e-06 -2.85779e-08 -1.40466e-02 4.67655e-06
1.19792e+00 -9.93611e-07 -1.90623e-08 -9.36949e-03 3.12034e-06
1.22397e+00 -4.96805e-07 -9.52626e-09 -4.68235e-03 1.56079e-06
1.25001e+00 5.34076e-10 1.99287e-11 9.79534e-06 -4.30849e-10
1.27605e+00 4.97875e-07 9.56599e-09 4.70187e-03 -1.56165e-06
1.30209e+00 9.94684e-07 1.91018e-08 9.38891e-03 -3.12120e-06
1.32813e+00 1.49043e-06 2.86171e-08 1.40659e-02 -4.67740e-06
1.35417e+00 1.98458e-06 3.81019e-08 1.87278e-02 -6.22859e-06
1.38022e+00 2.47660e-06 4.75459e-08 2.33697e-02 -7.77312e-06
1.40626e+00 2.96598e-06 5.69389e-08 2.79866e-02 -9.30932e-06
1.43230e+00 3.45217e-06 6.62710e-08 3.25735e-02 -1.08355e-05
1.45834e+00 3.93468e-06 7.55322e-08 3.71256e-02 -1.23502e-05
1.48438e+00 4.41297e-06 8.47126e-08 4.16379e-02 -1.38516e-05
1.51042e+00 4.88653e-06 9.38023e-08 4.61057e-02 -1.53381e-05
1.53647e+00 5.35486e-06 1.02792e-07 5.05241e-02 -1.68083e-05
1.56251e+00 5.81746e-06 1.11671e-07 5.48884e-02 -1.82604e-05
1.58855e+00 6.27383e-06 1.20431e-07 5.91940e-02 -1.96930e-05
1.61459e+00 6.72348e-06 1.29062e-07 6.34363e-02 -2.11045e-05
1.64063e+00 7.16593e-06 1.37554e-07 6.76107e-02 -2.24934e-05
1.66667e+00 7.60071e-06 1.45900e-07 7.17126e-02 -2.38583e-05
1.69271e+00 8.02735e-06 1.54089e-07 7.57376e-02 -2.51975e-05
1.71876e+00 8.44539e-06 1.62112e-07 7.96815e-02 -2.65098e-05
1.74480e+00 8.85439e-06 1.69963e-07 8.35401e-02 -2.77937e-05
1.77084e+00 9.25390e-06 1.77631e-07 8.73093e-02 -2.90479e-05
1.79688e+00 9.64350e-06 1.85109e-07 9.09850e-02 -3.02709e-05
1.82292e+00 1.00228e-05 1.92390e-07 9.45633e-02 -3.14615e-05
1.84896e+00 1.03913e-05 1.99464e-07 9.80404e-02 -3.26184e-05
1.87501e+00 1.07487e-05 2.06324e-07 1.01412e-01 -3.37404e-05
1.90105e+00 1.10947e-05 2.12964e-07 1.04676e-01 -3.48263e-05
1.92709e+00 1.14287e-05 2.19375e-07 1.07827e-01 -3.58749e-05
1.95313e+00 1.17505e-05 2.25552e-07 1.10863e-01 -3.68850e-05
1.97917e+00 1.20597e-05 2.31487e-07 1.13780e-01 -3.78557e-05
2.00521e+00 1.23560e-05 2.37174e-07 1.16576e-01 -3.87858e-05
2.03125e+00 1.26390e-05 2.42608e-07 1.19247e-01 -3.96744e-05
2.05730e+00 1.29085e-05 2.47782e-07 1.21790e-01 -4.05205e-05
2.08334e+00 1.31642e-05 2.52690e-07 1.24202e-01 -4.13233e-05
2.10938e+00 1.34059e-05 2.57328e-07 1.26482e-01 -4.20817e-05
2.13542e+00 1.36331e-05 2.61690e-07 1.28626e-01 -4.27951e-05
2.16146e+00 1.38458e-05 2.65771e-07 1.30632e-01 -4.34627e-05
2.18750e+00 1.40436e-05 2.69568e-07 1.32498e-01 -4.40838e-05
2.21354e+00 1.42264e-05 2.73076e-07 1.34223e-01 -4.46576e-05
2.23959e+00 1.43940e-05 2.76291e-07 1.35803e-01 -4.51836e-05
2.26563e+00 1.45463e-05 2.79210e-07 1.37237e-01 -4.56613e-05
2.29167e+00 1.46829e-05 2.81831e-07 1.38525e-01 -4.60900e-05
2.31771e+00 1.48037e-05 2.84155e-07 1.39668e-01 -4.64694e-05
2.34375e+00 1.49084e-05 2.86179e-07 1.40663e-01 -4.67990e-05
2.36979e+00 1.49971e-05 2.87889e-07 1.41503e-01 -4.70786e-05
2.39583e+00 1.50703e-05 2.89285e-07 1.42189e-01 -4.73077e-05
2.42188e+00 1.51275e-05 2.90377e-07 1.42726e-01 -4.74861e-05
2.44792e+00 1.51677e-05 2.91160e-07 1.43111e-01 -4.76137e-05
2.47396e+00 1.51919e-05 2.91630e-07 1.43342e-01 -4.76903e-05
2.50000e+00 1.52002e-05 2.91789e-07 1.43420e-01 -4.77159e-05
