0.00000e+00 9.33098e-05 2.92095e-08 2.19071e-06 -9.92041e-05
2.60402e-02 9.32599e-05 2.91937e-08 2.18953e-06 -9.91510e-05
5.20804e-02 9.31101e-05 2.91469e-08 2.18602e-06 -9.89917e-05
7.81206e-02 9.28604e-05 2.90676e-08 2.18007e-06 -9.87265e-05
1.04161e-01 9.25115e-05 2.89575e-08 2.17181e-06 -9.83555e-05
1.30201e-01 9.20635e-05 2.88179e-08 2.16134e-06 -9.78792e-05
1.56241e-01 9.15169e-05 2.86467e-08 2.14850e-06 -9.72981e-05
1.82281e-01 9.08723e-05 2.84445e-08 2.13334e-06 -9.66129e-05
2.08322e-01 9.01304e-05 2.82122e-08 2.11591e-06 -9.58242e-05
2.34362e-01 8.92920e-05 2.79497e-08 2.09623e-06 -9.49329e-05
2.60402e-01 8.83580e-05 2.76575e-08 2.07431e-06 -9.39399e-05
2.86442e-01 8.73294e-05 2.73355e-08 2.05016e-06 -9.28464e-05
3.12483e-01 8.62072e-05 2.69843e-08 2.02382e-06 -9.16535e-05
3.38523e-01 8.49928e-05 2.66042e-08 1.99531e-06 -9.03624e-05
3.64563e-01 8.36874e-05 2.61956e-08 1.96467e-06 -8.89746e-05
3.90604e-01 8.22923e-05 2.57590e-08 1.93192e-06 -8.74915e-05
4.16644e-01 8.08092e-05 2.52948e-08 1.89711e-06 -8.59147e-05
4.42685e-01 7.92395e-05 2.48035e-08 1.86027e-06 -8.42459e-05
4.68725e-01 7.75850e-05 2.42858e-08 1.82143e-06 -8.24869e-05
4.94765e-01 7.58474e-05 2.37420e-08 1.78065e-06 -8.06396e-05
5.20806e-01 7.40286e-05 2.31728e-08 1.73796e-06 -7.87060e-05
5.46846e-01 7.21306e-05 2.25788e-08 1.69341e-06 -7.66881e-05
5.72887e-01 7.01553e-05 2.19606e-08 1.64705e-06 -7.45880e-05
5.98928e-01 6.81049e-05 2.13189e-08 1.59892e-06 -7.24081e-05
6.24968e-01 6.59815e-05 2.06544e-08 1.54908e-06 -7.01507e-05
6.51009e-01 6.37875e-05 1.99678e-08 1.49758e-06 -6.78181e-05
6.77050e-01 6.15252e-05 1.92597e-08 1.44448e-06 -6.54130e-05
7.03090e-01 5.91971e-05 1.85311e-08 1.38983e-06 -6.29378e-05
7.29131e-01 5.68055e-05 1.77826e-08 1.33369e-06 -6.03952e-05
7.55172e-01 5.43531e-05 1.70150e-08 1.27613e-06 -5.77879e-05
7.81213e-01 5.18425e-05 1.62293e-08 1.21720e-06 -5.51187e-05
8.07253e-01 4.92764e-05 1.54261e-08 1.15696e-06 -5.23905e-05
8.33294e-01 4.66575e-05 1.46065e-08 1.09549e-06 -4.96063e-05
8.59335e-01 4.39887e-05 1.37712e-08 1.03284e-06 -4.67688e-05
8.85376e-01 4.12727e-05 1.29212e-08 9.69089e-07 -4.38814e-05
9.11417e-01 3.85126e-05 1.20573e-08 9.04300e-07 -4.09469e-05
9.37458e-01 3.57112e-05 1.11806e-08 8.38542e-07 -3.79686e-05
9.63500e-01 3.28716e-05 1.02918e-08 7.71887e-07 -3.49496e-05
9.89541e-01 2.99967e-05 9.39206e-09 7.04404e-07 -3.18931e-05
1.01558e+00 2.70898e-05 8.48223e-09 6.36167e-07 -2.88026e-05
1.04162e+00 2.41538e-05 7.56331e-09 5.67248e-07 -2.56811e-05
1.06766e+00 2.11920e-05 6.63629e-09 4.97721e-07 -2.25322e-05
1.09371e+00 1.82074e-05 5.70215e-09 4.27661e-07 -1.93592e-05
1.11975e+00 1.52034e-05 4.76191e-09 3.57143e-07 -1.61654e-05
1.14579e+00 1.21831e-05 3.81656e-09 2.86242e-07 -1.29542e-05
1.17183e+00 9.14971e-06 2.86712e-09 2.15034e-07 -9.72925e-06
1.19787e+00 6.10654e-06 1.91459e-09 1.43594e-07 -6.49384e-06
1.22391e+00 3.05682e-06 9.60020e-10 7.20015e-08 -3.25147e-06
1.24996e+00 3.82500e-09 4.41027e-12 3.30770e-10 -5.60552e-09
1.27600e+00 -3.04918e-06 -9.51165e-10 -7.13373e-08 3.24027e-06
1.30204e+00 -6.09892e-06 -1.90573e-09 -1.42930e-07 6.48268e-06
1.32808e+00 -9.14213e-06 -2.85825e-09 -2.14369e-07 9.71815e-06
1.35412e+00 -1.21756e-05 -3.80772e-09 -2.85579e-07 1.29432e-05
1.38016e+00 -1.51960e-05 -4.75311e-09 -3.56484e-07 1.61544e-05
1.40621e+00 -1.82001e-05 -5.69342e-09 -4.27007e-07 1.93484e-05
1.43225e+00 -2.11847e-05 -6.62763e-09 -4.97072e-07 2.25216e-05
1.45829e+00 -2.41467e-05 -7.55475e-09 -5.66606e-07 2.56707e-05
1.48433e+00 -2.70828e-05 -8.47378e-09 -6.35534e-07 2.87923e-05
1.51037e+00 -2.99899e-05 -9.38374e-09 -7.03781e-07 3.18831e-05
1.53642e+00 -3.28649e-05 -1.02837e-08 -7.71274e-07 3.49397e-05
1.56246e+00 -3.57047e-05 -1.11725e-08 -8.37941e-07 3.79590e-05
1.58850e+00 -3.85063e-05 -1.20495e-08 -9.03712e-07 4.09376e-05
1.61454e+00 -4.12666e-05 -1.29135e-08 -9.68515e-07 4.38723e-05
1.64059e+00 -4.39828e-05 -1.37638e-08 -1.03228e-06 4.67601e-05
1.66663e+00 -4.66519e-05 -1.45992e-08 -1.09494e-06 4.95978e-05
1.69267e+00 -4.92710e-05 -1.54191e-08 -1.15643e-06 5.23825e-05
1.71871e+00 -5.18373e-05 -1.62225e-08 -1.21669e-06 5.51110e-05
1.74476e+00 -5.43482e-05 -1.70085e-08 -1.27564e-06 5.77805e-05
1.77080e+00 -5.68008e-05 -1.77763e-08 -1.33322e-06 6.03881e-05
1.79684e+00 -5.91927e-05 -1.85250e-08 -1.38938e-06 6.29311e-05
1.82288e+00 -6.15211e-05 -1.92539e-08 -1.44404e-06 6.54066e-05
1.84893e+00 -6.37837e-05 -1.99622e-08 -1.49716e-06 6.78122e-05
1.87497e+00 -6.59779e-05 -2.06491e-08 -1.54868e-06 7.01451e-05
1.90101e+00 -6.81016e-05 -2.13139e-08 -1.59854e-06 7.24029e-05
1.92705e+00 -7.01522e-05 -2.19558e-08 -1.64669e-06 7.45832e-05
1.95310e+00 -7.21278e-05 -2.25742e-08 -1.69307e-06 7.66836e-05
1.97914e+00 -7.40261e-05 -2.31685e-08 -1.73764e-06 7.87018e-05
2.00518e+00 -7.58452e-05 -2.37379e-08 -1.78034e-06 8.06358e-05
2.03123e+00 -7.75830e-05 -2.42819e-08 -1.82115e-06 8.24835e-05
2.05727e+00 -7.92377e-05 -2.47999e-08 -1.85999e-06 8.42428e-05
2.08331e+00 -8.08076e-05 -2.52913e-08 -1.89685e-06 8.59119e-05
2.10935e+00 -8.22910e-05 -2.57556e-08 -1.93167e-06 8.74890e-05
2.13540e+00 -8.36862e-05 -2.61923e-08 -1.96442e-06 8.89724e-05
2.16144e+00 -8.49918e-05 -2.66008e-08 -1.99506e-06 9.03605e-05
2.18748e+00 -8.62064e-05 -2.69809e-08 -2.02357e-06 9.16518e-05
2.21353e+00 -8.73286e-05 -2.73321e-08 -2.04991e-06 9.28450e-05
2.23957e+00 -8.83574e-05 -2.76539e-08 -2.07404e-06 9.39388e-05
2.26561e+00 -8.92915e-05 -2.79461e-08 -2.09595e-06 9.49319e-05
2.29166e+00 -9.01300e-05 -2.82084e-08 -2.11563e-06 9.58234e-05
2.31770e+00 -9.08719e-05 -2.84406e-08 -2.13304e-06 9.66123e-05
2.34374e+00 -9.15166e-05 -2.86426e-08 -2.14820e-06 9.72977e-05
2.36978e+00 -9.20633e-05 -2.88137e-08 -2.16103e-06 9.78789e-05
2.39583e+00 -9.25113e-05 -2.89533e-08 -2.17150e-06 9.83553e-05
2.42187e+00 -9.28602e-05 -2.90632e-08 -2.17974e-06 9.87264e-05
2.44791e+00 -9.31099e-05 -2.91424e-08 -2.18568e-06 9.89917e-05
2.47396e+00 -9.32598e-05 -2.91890e-08 -2.18918e-06 9.91510e-05
2.50000e+00 -9.33096e-05 -2.92045e-08 -2.19034e-06 9.92041e-05
