0.00000e+00 -7.81238e-05 2.20318e-08 3.30476e-06 8.44890e-05
2.60429e-02 -7.80816e-05 2.20202e-08 3.30303e-06 8.44437e-05
5.20858e-02 -7.79560e-05 2.19847e-08 3.29770e-06 8.43080e-05
7.81287e-02 -7.77479e-05 2.19255e-08 3.28882e-06 8.40821e-05
1.04172e-01 -7.74555e-05 2.18439e-08 3.27659e-06 8.37661e-05
1.30214e-01 -7.70794e-05 2.17378e-08 3.26066e-06 8.33604e-05
1.56257e-01 -7.66220e-05 2.16076e-08 3.24114e-06 8.28654e-05
1.82300e-01 -7.60826e-05 2.14560e-08 3.21840e-06 8.22816e-05
2.08343e-01 -7.54613e-05 2.12815e-08 3.19223e-06 8.16098e-05
2.34386e-01 -7.47592e-05 2.10834e-08 3.16251e-06 8.08506e-05
2.60429e-01 -7.39770e-05 2.08624e-08 3.12935e-06 8.00047e-05
2.86472e-01 -7.31155e-05 2.06192e-08 3.09288e-06 7.90732e-05
3.12514e-01 -7.21758e-05 2.03540e-08 3.05310e-06 7.80570e-05
3.38557e-01 -7.11589e-05 2.00671e-08 3.01007e-06 7.69573e-05
3.64600e-01 -7.00657e-05 1.97587e-08 2.96381e-06 7.57751e-05
3.90643e-01 -6.88975e-05 1.94292e-08 2.91438e-06 7.45117e-05
4.16685e-01 -6.76555e-05 1.90789e-08 2.86184e-06 7.31686e-05
4.42728e-01 -6.63411e-05 1.87083e-08 2.80624e-06 7.17471e-05
4.68771e-01 -6.49556e-05 1.83177e-08 2.74765e-06 7.02488e-05
4.94814e-01 -6.35006e-05 1.79074e-08 2.68611e-06 6.86752e-05
5.20856e-01 -6.19776e-05 1.74780e-08 2.62170e-06 6.70281e-05
5.46899e-01 -6.03882e-05 1.70298e-08 2.55447e-06 6.53092e-05
5.72942e-01 -5.87342e-05 1.65634e-08 2.48451e-06 6.35204e-05
5.98984e-01 -5.70172e-05 1.60792e-08 2.41189e-06 6.16636e-05
6.25027e-01 -5.52392e-05 1.55779e-08 2.33668e-06 5.97407e-05
6.51069e-01 -5.34021e-05 1.50598e-08 2.25897e-06 5.77539e-05
6.77112e-01 -5.15077e-05 1.45256e-08 2.17885e-06 5.57052e-05
7.03154e-01 -4.95582e-05 1.39759e-08 2.09639e-06 5.35968e-05
7.29197e-01 -4.75557e-05 1.34112e-08 2.01168e-06 5.14311e-05
7.55239e-01 -4.55022e-05 1.28321e-08 1.92482e-06 4.92103e-05
7.81281e-01 -4.33999e-05 1.22393e-08 1.83589e-06 4.69368e-05
8.07324e-01 -4.12512e-05 1.16333e-08 1.74500e-06 4.46130e-05
8.33366e-01 -3.90584e-05 1.10149e-08 1.65224e-06 4.22415e-05
8.59408e-01 -3.68237e-05 1.03848e-08 1.55771e-06 3.98247e-05
8.85450e-01 -3.45495e-05 9.74349e-09 1.46152e-06 3.73653e-05
9.11493e-01 -3.22384e-05 9.09178e-09 1.36377e-06 3.48659e-05
9.37535e-01 -2.98928e-05 8.43033e-09 1.26455e-06 3.23291e-05
9.63577e-01 -2.75151e-05 7.75983e-09 1.16398e-06 2.97577e-05
9.89619e-01 -2.51080e-05 7.08102e-09 1.06215e-06 2.71545e-05
1.01566e+00 -2.26740e-05 6.39461e-09 9.59191e-07 2.45222e-05
1.04170e+00 -2.02157e-05 5.70135e-09 8.55203e-07 2.18636e-05
1.06775e+00 -1.77357e-05 5.00200e-09 7.50300e-07 1.91816e-05
1.09379e+00 -1.52368e-05 4.29728e-09 6.44593e-07 1.64791e-05
1.11983e+00 -1.27216e-05 3.58796e-09 5.38195e-07 1.37590e-05
1.14587e+00 -1.01927e-05 2.87480e-09 4.31219e-07 1.10241e-05
1.17191e+00 -7.65292e-06 2.15855e-09 3.23782e-07 8.27740e-06
1.19795e+00 -5.10495e-06 1.43998e-09 2.15998e-07 5.52186e-06
1.22400e+00 -2.55152e-06 7.19876e-10 1.07981e-07 2.76041e-06
1.25004e+00 4.64529e-09 -1.01027e-12 -1.51540e-10 -3.99960e-09
1.27608e+00 2.56081e-06 -7.21892e-10 -1.08284e-07 -2.76840e-06
1.30212e+00 5.11423e-06 -1.44201e-09 -2.16301e-07 -5.52982e-06
1.32816e+00 7.66217e-06 -2.16058e-09 -3.24087e-07 -8.28533e-06
1.35420e+00 1.02019e-05 -2.87684e-09 -4.31527e-07 -1.10320e-05
1.38025e+00 1.27307e-05 -3.59003e-09 -5.38505e-07 -1.37668e-05
1.40629e+00 1.52459e-05 -4.29938e-09 -6.44907e-07 -1.64868e-05
1.43233e+00 1.77447e-05 -5.00413e-09 -7.50619e-07 -1.91892e-05
1.45837e+00 2.02246e-05 -5.70352e-09 -8.55528e-07 -2.18711e-05
1.48441e+00 2.26828e-05 -6.39681e-09 -9.59521e-07 -2.45295e-05
1.51045e+00 2.51167e-05 -7.08324e-09 -1.06249e-06 -2.71617e-05
1.53649e+00 2.75237e-05 -7.76210e-09 -1.16432e-06 -2.97647e-05
1.56253e+00 2.99012e-05 -8.43264e-09 -1.26490e-06 -3.23359e-05
1.58858e+00 3.22467e-05 -9.09415e-09 -1.36412e-06 -3.48725e-05
1.61462e+00 3.45577e-05 -9.74591e-09 -1.46189e-06 -3.73717e-05
1.64066e+00 3.68317e-05 -1.03872e-08 -1.55809e-06 -3.98309e-05
1.66670e+00 3.90662e-05 -1.10175e-08 -1.65262e-06 -4.22475e-05
1.69274e+00 4.12589e-05 -1.16359e-08 -1.74539e-06 -4.46188e-05
1.71878e+00 4.34074e-05 -1.22419e-08 -1.83629e-06 -4.69423e-05
1.74482e+00 4.55095e-05 -1.28348e-08 -1.92522e-06 -4.92156e-05
1.77086e+00 4.75628e-05 -1.34140e-08 -2.01209e-06 -5.14361e-05
1.79690e+00 4.95652e-05 -1.39787e-08 -2.09681e-06 -5.36016e-05
1.82294e+00 5.15145e-05 -1.45285e-08 -2.17928e-06 -5.57097e-05
1.84899e+00 5.34087e-05 -1.50628e-08 -2.25942e-06 -5.77581e-05
1.87503e+00 5.52456e-05 -1.55809e-08 -2.33714e-06 -5.97447e-05
1.90107e+00 5.70235e-05 -1.60824e-08 -2.41236e-06 -6.16673e-05
1.92711e+00 5.87402e-05 -1.65666e-08 -2.48499e-06 -6.35239e-05
1.95315e+00 6.03941e-05 -1.70331e-08 -2.55497e-06 -6.53125e-05
1.97919e+00 6.19833e-05 -1.74814e-08 -2.62221e-06 -6.70311e-05
2.00523e+00 6.35061e-05 -1.79109e-08 -2.68664e-06 -6.86779e-05
2.03127e+00 6.49609e-05 -1.83213e-08 -2.74819e-06 -7.02512e-05
2.05731e+00 6.63462e-05 -1.87120e-08 -2.80680e-06 -7.17493e-05
2.08335e+00 6.76604e-05 -1.90827e-08 -2.86240e-06 -7.31706e-05
2.10939e+00 6.89023e-05 -1.94331e-08 -2.91496e-06 -7.45135e-05
2.13543e+00 7.00704e-05 -1.97626e-08 -2.96439e-06 -7.57766e-05
2.16147e+00 7.11634e-05 -2.00711e-08 -3.01066e-06 -7.69586e-05
2.18751e+00 7.21803e-05 -2.03580e-08 -3.05371e-06 -7.80582e-05
2.21355e+00 7.31198e-05 -2.06233e-08 -3.09350e-06 -7.90742e-05
2.23960e+00 7.39812e-05 -2.08665e-08 -3.12998e-06 -8.00056e-05
2.26564e+00 7.47633e-05 -2.10877e-08 -3.16315e-06 -8.08512e-05
2.29168e+00 7.54654e-05 -2.12859e-08 -3.19289e-06 -8.16103e-05
2.31772e+00 7.60866e-05 -2.14605e-08 -3.21908e-06 -8.22821e-05
2.34376e+00 7.66259e-05 -2.16121e-08 -3.24181e-06 -8.28657e-05
2.36980e+00 7.70832e-05 -2.17419e-08 -3.26128e-06 -8.33606e-05
2.39584e+00 7.74591e-05 -2.18481e-08 -3.27721e-06 -8.37662e-05
2.42188e+00 7.77515e-05 -2.19297e-08 -3.28946e-06 -8.40822e-05
2.44792e+00 7.79597e-05 -2.19889e-08 -3.29833e-06 -8.43081e-05
2.47396e+00 7.80852e-05 -2.20244e-08 -3.30367e-06 -8.44437e-05
2.50000e+00 7.81274e-05 -2.20361e-08 -3.30541e-06 -8.44890e-05
