0.00000e+00 1.36049e-05 1.49865e-07 4.49595e-05 -8.07782e-05
2.60415e-02 1.35980e-05 1.49661e-07 4.48982e-05 -8.07350e-05
5.20829e-02 1.35765e-05 1.49275e-07 4.47826e-05 -8.06053e-05
7.81244e-02 1.35404e-05 1.48661e-07 4.45983e-05 -8.03892e-05
1.04166e-01 1.34898e-05 1.47881e-07 4.43644e-05 -8.00871e-05
1.30207e-01 1.34247e-05 1.46890e-07 4.40671e-05 -7.96993e-05
1.56249e-01 1.33451e-05 1.45735e-07 4.37205e-05 -7.92261e-05
1.82290e-01 1.32514e-05 1.44406e-07 4.33218e-05 -7.86681e-05
2.08332e-01 1.31434e-05 1.42917e-07 4.28751e-05 -7.80258e-05
2.34373e-01 1.30213e-05 1.41257e-07 4.23772e-05 -7.73000e-05
2.60415e-01 1.28851e-05 1.39444e-07 4.18332e-05 -7.64914e-05
2.86456e-01 1.27352e-05 1.37479e-07 4.12438e-05 -7.56009e-05
3.12497e-01 1.25717e-05 1.35370e-07 4.06109e-05 -7.46294e-05
3.38539e-01 1.23946e-05 1.33128e-07 3.99385e-05 -7.35781e-05
3.64580e-01 1.22044e-05 1.30751e-07 3.92253e-05 -7.24479e-05
3.90622e-01 1.20010e-05 1.28268e-07 3.84805e-05 -7.12402e-05
4.16663e-01 1.17848e-05 1.25653e-07 3.76958e-05 -6.99561e-05
4.42705e-01 1.15559e-05 1.23047e-07 3.69142e-05 -6.85972e-05
4.68746e-01 1.13146e-05 1.20314e-07 3.60942e-05 -6.71648e-05
4.94788e-01 1.10612e-05 1.17481e-07 3.52444e-05 -6.56605e-05
5.20829e-01 1.07960e-05 1.14529e-07 3.43588e-05 -6.40859e-05
5.46871e-01 1.05192e-05 1.11475e-07 3.34425e-05 -6.24427e-05
5.72912e-01 1.02311e-05 1.08306e-07 3.24917e-05 -6.07326e-05
5.98954e-01 9.93204e-06 1.05025e-07 3.15074e-05 -5.89574e-05
6.24995e-01 9.62236e-06 1.01634e-07 3.04901e-05 -5.71191e-05
6.51037e-01 9.30238e-06 9.81370e-08 2.94411e-05 -5.52197e-05
6.77078e-01 8.97244e-06 9.45368e-08 2.83610e-05 -5.32611e-05
7.03120e-01 8.63288e-06 9.08383e-08 2.72515e-05 -5.12455e-05
7.29161e-01 8.28408e-06 8.70443e-08 2.61133e-05 -4.91751e-05
7.55203e-01 7.92641e-06 8.31688e-08 2.49506e-05 -4.70519e-05
7.81245e-01 7.56025e-06 7.92057e-08 2.37617e-05 -4.48784e-05
8.07286e-01 7.18599e-06 7.51697e-08 2.25509e-05 -4.26568e-05
8.33328e-01 6.80404e-06 7.10531e-08 2.13159e-05 -4.03896e-05
8.59369e-01 6.41480e-06 6.68991e-08 2.00697e-05 -3.80791e-05
8.85411e-01 6.01870e-06 6.26730e-08 1.88019e-05 -3.57278e-05
9.11452e-01 5.61615e-06 5.83889e-08 1.75167e-05 -3.33383e-05
9.37494e-01 5.20758e-06 5.40431e-08 1.62129e-05 -3.09130e-05
9.63536e-01 4.79344e-06 4.96501e-08 1.48950e-05 -2.84547e-05
9.89577e-01 4.37416e-06 4.52049e-08 1.35615e-05 -2.59659e-05
1.01562e+00 3.95020e-06 4.07140e-08 1.22142e-05 -2.34493e-05
1.04166e+00 3.52200e-06 3.61804e-08 1.08541e-05 -2.09076e-05
1.06770e+00 3.09004e-06 3.16136e-08 9.48409e-06 -1.83434e-05
1.09374e+00 2.65477e-06 2.70135e-08 8.10405e-06 -1.57597e-05
1.11979e+00 2.21665e-06 2.23862e-08 6.71584e-06 -1.31590e-05
1.14583e+00 1.77615e-06 1.77352e-08 5.32056e-06 -1.05443e-05
1.17187e+00 1.33375e-06 1.30675e-08 3.92025e-06 -7.91830e-06
1.19791e+00 8.89927e-07 8.38555e-09 2.51566e-06 -5.28380e-06
1.22395e+00 4.45141e-07 3.69493e-09 1.10848e-06 -2.64365e-06
1.24999e+00 -1.22500e-10 -1.00122e-09 -3.00366e-07 -6.58752e-10
1.27604e+00 -4.45401e-07 -5.70328e-09 -1.71098e-06 2.64233e-06
1.30208e+00 -8.90204e-07 -1.04005e-08 -3.12015e-06 5.28249e-06
1.32812e+00 -1.33406e-06 -1.50860e-08 -4.52580e-06 7.91700e-06
1.35416e+00 -1.77648e-06 -1.97551e-08 -5.92654e-06 1.05430e-05
1.38020e+00 -2.21701e-06 -2.44004e-08 -7.32011e-06 1.31578e-05
1.40624e+00 -2.65517e-06 -2.90186e-08 -8.70559e-06 1.57584e-05
1.43229e+00 -3.09049e-06 -3.36032e-08 -1.00810e-05 1.83422e-05
1.45833e+00 -3.52250e-06 -3.81502e-08 -1.14450e-05 2.09063e-05
1.48437e+00 -3.95073e-06 -4.26514e-08 -1.27954e-05 2.34481e-05
1.51041e+00 -4.37474e-06 -4.71055e-08 -1.41316e-05 2.59647e-05
1.53645e+00 -4.79407e-06 -5.15087e-08 -1.54526e-05 2.84535e-05
1.56249e+00 -5.20827e-06 -5.58553e-08 -1.67566e-05 3.09119e-05
1.58854e+00 -5.61688e-06 -6.01437e-08 -1.80431e-05 3.33372e-05
1.61458e+00 -6.01949e-06 -6.43664e-08 -1.93099e-05 3.57268e-05
1.64062e+00 -6.41564e-06 -6.85277e-08 -2.05583e-05 3.80781e-05
1.66666e+00 -6.80493e-06 -7.26126e-08 -2.17838e-05 4.03886e-05
1.69270e+00 -7.18693e-06 -7.66518e-08 -2.29955e-05 4.26559e-05
1.71874e+00 -7.56123e-06 -8.06055e-08 -2.41817e-05 4.48775e-05
1.74479e+00 -7.92744e-06 -8.44798e-08 -2.53439e-05 4.70511e-05
1.77083e+00 -8.28516e-06 -8.82620e-08 -2.64786e-05 4.91742e-05
1.79687e+00 -8.63400e-06 -9.19528e-08 -2.75858e-05 5.12448e-05
1.82291e+00 -8.97360e-06 -9.55436e-08 -2.86631e-05 5.32604e-05
1.84895e+00 -9.30359e-06 -9.90322e-08 -2.97097e-05 5.52190e-05
1.87500e+00 -9.62362e-06 -1.02413e-07 -3.07238e-05 5.71185e-05
1.90104e+00 -9.93334e-06 -1.05679e-07 -3.17036e-05 5.89568e-05
1.92708e+00 -1.02324e-05 -1.08830e-07 -3.26491e-05 6.07320e-05
1.95312e+00 -1.05205e-05 -1.11868e-07 -3.35603e-05 6.24421e-05
1.97916e+00 -1.07974e-05 -1.14784e-07 -3.44353e-05 6.40854e-05
2.00520e+00 -1.10627e-05 -1.17586e-07 -3.52759e-05 6.56601e-05
2.03125e+00 -1.13161e-05 -1.20262e-07 -3.60785e-05 6.71644e-05
2.05729e+00 -1.15574e-05 -1.22824e-07 -3.68472e-05 6.85968e-05
2.08333e+00 -1.17863e-05 -1.25250e-07 -3.75750e-05 6.99558e-05
2.10937e+00 -1.20026e-05 -1.27599e-07 -3.82796e-05 7.12399e-05
2.13541e+00 -1.22060e-05 -1.29805e-07 -3.89415e-05 7.24476e-05
2.16146e+00 -1.23964e-05 -1.31887e-07 -3.95660e-05 7.35778e-05
2.18750e+00 -1.25735e-05 -1.33825e-07 -4.01476e-05 7.46292e-05
2.21354e+00 -1.27371e-05 -1.35631e-07 -4.06894e-05 7.56007e-05
2.23958e+00 -1.28870e-05 -1.37290e-07 -4.11870e-05 7.64912e-05
2.26562e+00 -1.30232e-05 -1.38805e-07 -4.16414e-05 7.72999e-05
2.29166e+00 -1.31454e-05 -1.40167e-07 -4.20501e-05 7.80257e-05
2.31771e+00 -1.32534e-05 -1.41385e-07 -4.24154e-05 7.86680e-05
2.34375e+00 -1.33472e-05 -1.42448e-07 -4.27343e-05 7.92260e-05
2.36979e+00 -1.34268e-05 -1.43355e-07 -4.30065e-05 7.96993e-05
2.39583e+00 -1.34920e-05 -1.44109e-07 -4.32328e-05 8.00871e-05
2.42187e+00 -1.35426e-05 -1.44700e-07 -4.34099e-05 8.03892e-05
2.44792e+00 -1.35787e-05 -1.45141e-07 -4.35423e-05 8.06052e-05
2.47396e+00 -1.36002e-05 -1.45422e-07 -4.36267e-05 8.07350e-05
2.50000e+00 -1.36072e-05 -1.45580e-07 -4.36741e-05 8.07782e-05
