0.00000e+00 -3.96909e-05 -3.61991e-08 -2.17194e-05 9.99998e-05
2.60423e-02 -3.96697e-05 -3.61092e-08 -2.16655e-05 9.99462e-05
5.20846e-02 -3.96062e-05 -3.59589e-08 -2.15753e-05 9.97857e-05
7.81269e-02 -3.95001e-05 -3.56899e-08 -2.14140e-05 9.95182e-05
1.04169e-01 -3.93515e-05 -3.53833e-08 -2.12300e-05 9.91442e-05
1.30211e-01 -3.91614e-05 -3.50160e-08 -2.10096e-05 9.86641e-05
1.56254e-01 -3.89291e-05 -3.46105e-08 -2.07663e-05 9.80782e-05
1.82296e-01 -3.86546e-05 -3.41537e-08 -2.04922e-05 9.73874e-05
2.08338e-01 -3.83388e-05 -3.36611e-08 -2.01967e-05 9.65922e-05
2.34381e-01 -3.79823e-05 -3.31381e-08 -1.98829e-05 9.56936e-05
2.60423e-01 -3.75850e-05 -3.25810e-08 -1.95486e-05 9.46926e-05
2.86465e-01 -3.71475e-05 -3.19903e-08 -1.91942e-05 9.35901e-05
3.12507e-01 -3.66701e-05 -3.13689e-08 -1.88213e-05 9.23874e-05
3.38550e-01 -3.61535e-05 -3.07227e-08 -1.84336e-05 9.10858e-05
3.64592e-01 -3.55981e-05 -3.00487e-08 -1.80292e-05 8.96866e-05
3.90634e-01 -3.50047e-05 -2.93665e-08 -1.76199e-05 8.81914e-05
4.16676e-01 -3.43737e-05 -2.86603e-08 -1.71962e-05 8.66017e-05
4.42718e-01 -3.37059e-05 -2.80128e-08 -1.68077e-05 8.49194e-05
4.68761e-01 -3.30021e-05 -2.73418e-08 -1.64051e-05 8.31460e-05
4.94803e-01 -3.22628e-05 -2.66610e-08 -1.59966e-05 8.12837e-05
5.20845e-01 -3.14891e-05 -2.59561e-08 -1.55737e-05 7.93343e-05
5.46887e-01 -3.06816e-05 -2.52371e-08 -1.51423e-05 7.72999e-05
5.72929e-01 -2.98413e-05 -2.44941e-08 -1.46965e-05 7.51828e-05
5.98971e-01 -2.89690e-05 -2.37304e-08 -1.42382e-05 7.29851e-05
6.25014e-01 -2.80656e-05 -2.29429e-08 -1.37657e-05 7.07093e-05
6.51056e-01 -2.71323e-05 -2.21290e-08 -1.32774e-05 6.83578e-05
6.77098e-01 -2.61698e-05 -2.12924e-08 -1.27755e-05 6.59331e-05
7.03140e-01 -2.51793e-05 -2.04342e-08 -1.22605e-05 6.34378e-05
7.29182e-01 -2.41619e-05 -1.95542e-08 -1.17325e-05 6.08745e-05
7.55224e-01 -2.31186e-05 -1.86516e-08 -1.11909e-05 5.82461e-05
7.81266e-01 -2.20505e-05 -1.77284e-08 -1.06370e-05 5.55552e-05
8.07308e-01 -2.09589e-05 -1.67829e-08 -1.00697e-05 5.28049e-05
8.33350e-01 -1.98447e-05 -1.58178e-08 -9.49066e-06 4.99981e-05
8.59392e-01 -1.87094e-05 -1.48223e-08 -8.89340e-06 4.71377e-05
8.85434e-01 -1.75539e-05 -1.38093e-08 -8.28557e-06 4.42268e-05
9.11476e-01 -1.63797e-05 -1.27773e-08 -7.66639e-06 4.12686e-05
9.37518e-01 -1.51879e-05 -1.17303e-08 -7.03819e-06 3.82662e-05
9.63560e-01 -1.39799e-05 -1.06640e-08 -6.39839e-06 3.52228e-05
9.89601e-01 -1.27569e-05 -9.58512e-09 -5.75107e-06 3.21417e-05
1.01564e+00 -1.15203e-05 -8.49299e-09 -5.09579e-06 2.90262e-05
1.04169e+00 -1.02713e-05 -7.39076e-09 -4.43446e-06 2.58796e-05
1.06773e+00 -9.01127e-06 -6.27505e-09 -3.76503e-06 2.27053e-05
1.09377e+00 -7.74162e-06 -5.15189e-09 -3.09113e-06 1.95067e-05
1.11981e+00 -6.46369e-06 -4.02395e-09 -2.41437e-06 1.62872e-05
1.14585e+00 -5.17882e-06 -2.89205e-09 -1.73523e-06 1.30502e-05
1.17189e+00 -3.88842e-06 -1.75991e-09 -1.05594e-06 9.79931e-06
1.19794e+00 -2.59385e-06 -6.26912e-10 -3.76147e-07 6.53791e-06
1.22398e+00 -1.29650e-06 4.94346e-10 2.96608e-07 3.26950e-06
1.25002e+00 2.23124e-09 1.61281e-09 9.67684e-07 -2.40253e-09
1.27606e+00 1.30095e-06 2.68266e-09 1.60960e-06 -3.27430e-06
1.30210e+00 2.59828e-06 3.74772e-09 2.24863e-06 -6.54269e-06
1.32814e+00 3.89282e-06 4.79848e-09 2.87909e-06 -9.80407e-06
1.35419e+00 5.18319e-06 5.84310e-09 3.50586e-06 -1.30550e-05
1.38023e+00 6.46801e-06 6.87560e-09 4.12536e-06 -1.62918e-05
1.40627e+00 7.74591e-06 7.90028e-09 4.74017e-06 -1.95113e-05
1.43231e+00 9.01551e-06 8.91341e-09 5.34805e-06 -2.27099e-05
1.45835e+00 1.02755e-05 9.91713e-09 5.95028e-06 -2.58841e-05
1.48439e+00 1.15244e-05 1.09091e-08 6.54545e-06 -2.90306e-05
1.51043e+00 1.27610e-05 1.18896e-08 7.13376e-06 -3.21460e-05
1.53648e+00 1.39839e-05 1.28565e-08 7.71388e-06 -3.52270e-05
1.56252e+00 1.51919e-05 1.38100e-08 8.28600e-06 -3.82703e-05
1.58856e+00 1.63836e-05 1.47472e-08 8.84834e-06 -4.12726e-05
1.61460e+00 1.75578e-05 1.56695e-08 9.40168e-06 -4.42307e-05
1.64064e+00 1.87131e-05 1.65738e-08 9.94425e-06 -4.71414e-05
1.66668e+00 1.98485e-05 1.74613e-08 1.04768e-05 -5.00017e-05
1.69272e+00 2.09625e-05 1.83258e-08 1.09955e-05 -5.28084e-05
1.71877e+00 2.20541e-05 1.91716e-08 1.15030e-05 -5.55586e-05
1.74481e+00 2.31221e-05 1.99974e-08 1.19985e-05 -5.82492e-05
1.77085e+00 2.41654e-05 2.08027e-08 1.24816e-05 -6.08775e-05
1.79689e+00 2.51827e-05 2.15893e-08 1.29536e-05 -6.34406e-05
1.82293e+00 2.61731e-05 2.23533e-08 1.34120e-05 -6.59358e-05
1.84897e+00 2.71355e-05 2.30954e-08 1.38573e-05 -6.83604e-05
1.87501e+00 2.80688e-05 2.38133e-08 1.42880e-05 -7.07117e-05
1.90105e+00 2.89721e-05 2.45115e-08 1.47069e-05 -7.29874e-05
1.92710e+00 2.98443e-05 2.51832e-08 1.51099e-05 -7.51849e-05
1.95314e+00 3.06845e-05 2.58256e-08 1.54954e-05 -7.73018e-05
1.97918e+00 3.14919e-05 2.64384e-08 1.58630e-05 -7.93360e-05
2.00522e+00 3.22656e-05 2.70142e-08 1.62085e-05 -8.12853e-05
2.03126e+00 3.30047e-05 2.75581e-08 1.65348e-05 -8.31475e-05
2.05730e+00 3.37085e-05 2.80531e-08 1.68318e-05 -8.49207e-05
2.08334e+00 3.43762e-05 2.85135e-08 1.71081e-05 -8.66029e-05
2.10938e+00 3.50070e-05 2.88664e-08 1.73198e-05 -8.81925e-05
2.13543e+00 3.56003e-05 2.91839e-08 1.75104e-05 -8.96875e-05
2.16147e+00 3.61555e-05 2.94572e-08 1.76743e-05 -9.10866e-05
2.18751e+00 3.66720e-05 2.96955e-08 1.78173e-05 -9.23881e-05
2.21355e+00 3.71492e-05 2.98885e-08 1.79331e-05 -9.35907e-05
2.23959e+00 3.75865e-05 3.00469e-08 1.80282e-05 -9.46931e-05
2.26563e+00 3.79837e-05 3.01710e-08 1.81026e-05 -9.56940e-05
2.29167e+00 3.83401e-05 3.02625e-08 1.81575e-05 -9.65925e-05
2.31771e+00 3.86557e-05 3.03078e-08 1.81847e-05 -9.73876e-05
2.34375e+00 3.89301e-05 3.03218e-08 1.81931e-05 -9.80784e-05
2.36979e+00 3.91625e-05 3.03198e-08 1.81919e-05 -9.86642e-05
2.39584e+00 3.93525e-05 3.02892e-08 1.81735e-05 -9.91443e-05
2.42188e+00 3.95010e-05 3.02584e-08 1.81550e-05 -9.95183e-05
2.44792e+00 3.96070e-05 3.02019e-08 1.81212e-05 -9.97857e-05
2.47396e+00 3.96705e-05 3.01551e-08 1.80930e-05 -9.99462e-05
2.50000e+00 3.96918e-05 3.00901e-08 1.80541e-05 -9.99998e-05
