0.00000e+00 -3.45999e-05 -7.98893e-08 -4.79336e-05 9.29003e-05
2.60422e-02 -3.45815e-05 -7.98427e-08 -4.79056e-05 9.28506e-05
5.20844e-02 -3.45262e-05 -7.97122e-08 -4.78273e-05 9.27014e-05
7.81266e-02 -3.44338e-05 -7.94972e-08 -4.76983e-05 9.24529e-05
1.04169e-01 -3.43043e-05 -7.91972e-08 -4.75183e-05 9.21055e-05
1.30211e-01 -3.41387e-05 -7.88133e-08 -4.72880e-05 9.16594e-05
1.56253e-01 -3.39363e-05 -7.83438e-08 -4.70063e-05 9.11152e-05
1.82295e-01 -3.36970e-05 -7.77903e-08 -4.66742e-05 9.04734e-05
2.08338e-01 -3.34218e-05 -7.71539e-08 -4.62923e-05 8.97347e-05
2.34380e-01 -3.31111e-05 -7.64348e-08 -4.58609e-05 8.88999e-05
2.60422e-01 -3.27649e-05 -7.56337e-08 -4.53802e-05 8.79699e-05
2.86464e-01 -3.23836e-05 -7.47519e-08 -4.48511e-05 8.69457e-05
3.12506e-01 -3.19675e-05 -7.37899e-08 -4.42739e-05 8.58284e-05
3.38549e-01 -3.15173e-05 -7.27491e-08 -4.36495e-05 8.46192e-05
3.64591e-01 -3.10332e-05 -7.16304e-08 -4.29783e-05 8.33194e-05
3.90633e-01 -3.05160e-05 -7.04356e-08 -4.22614e-05 8.19303e-05
4.16675e-01 -2.99660e-05 -6.91653e-08 -4.14992e-05 8.04535e-05
4.42717e-01 -2.93839e-05 -6.78226e-08 -4.06936e-05 7.88906e-05
4.68759e-01 -2.87703e-05 -6.64073e-08 -3.98444e-05 7.72432e-05
4.94801e-01 -2.81259e-05 -6.49213e-08 -3.89528e-05 7.55130e-05
5.20843e-01 -2.74514e-05 -6.33659e-08 -3.80195e-05 7.37020e-05
5.46886e-01 -2.67475e-05 -6.17430e-08 -3.70458e-05 7.18121e-05
5.72928e-01 -2.60149e-05 -6.00539e-08 -3.60324e-05 6.98453e-05
5.98970e-01 -2.52545e-05 -5.83008e-08 -3.49805e-05 6.78037e-05
6.25012e-01 -2.44670e-05 -5.64852e-08 -3.38911e-05 6.56895e-05
6.51054e-01 -2.36534e-05 -5.46090e-08 -3.27654e-05 6.35049e-05
6.77096e-01 -2.28144e-05 -5.26743e-08 -3.16046e-05 6.12523e-05
7.03138e-01 -2.19509e-05 -5.06832e-08 -3.04099e-05 5.89342e-05
7.29180e-01 -2.10640e-05 -4.86378e-08 -2.91827e-05 5.65529e-05
7.55222e-01 -2.01544e-05 -4.65402e-08 -2.79241e-05 5.41111e-05
7.81264e-01 -1.92234e-05 -4.43926e-08 -2.66356e-05 5.16113e-05
8.07306e-01 -1.82717e-05 -4.21973e-08 -2.53184e-05 4.90563e-05
8.33348e-01 -1.73004e-05 -3.99567e-08 -2.39740e-05 4.64487e-05
8.59390e-01 -1.63107e-05 -3.76730e-08 -2.26038e-05 4.37914e-05
8.85432e-01 -1.53034e-05 -3.53487e-08 -2.12092e-05 4.10872e-05
9.11474e-01 -1.42798e-05 -3.29865e-08 -1.97919e-05 3.83390e-05
9.37515e-01 -1.32408e-05 -3.05887e-08 -1.83532e-05 3.55497e-05
9.63557e-01 -1.21877e-05 -2.81581e-08 -1.68948e-05 3.27224e-05
9.89599e-01 -1.11216e-05 -2.56972e-08 -1.54183e-05 2.98601e-05
1.01564e+00 -1.00435e-05 -2.32086e-08 -1.39252e-05 2.69658e-05
1.04168e+00 -8.95467e-06 -2.06951e-08 -1.24171e-05 2.40426e-05
1.06772e+00 -7.85626e-06 -1.81592e-08 -1.08955e-05 2.10936e-05
1.09377e+00 -6.74943e-06 -1.56038e-08 -9.36227e-06 1.81221e-05
1.11981e+00 -5.63537e-06 -1.30316e-08 -7.81894e-06 1.51311e-05
1.14585e+00 -4.51528e-06 -1.04453e-08 -6.26720e-06 1.21240e-05
1.17189e+00 -3.39035e-06 -7.84778e-09 -4.70867e-06 9.10390e-06
1.19793e+00 -2.26179e-06 -5.24176e-09 -3.14506e-06 6.07404e-06
1.22398e+00 -1.13080e-06 -2.63002e-09 -1.57801e-06 3.03767e-06
1.25002e+00 1.38998e-09 -1.53354e-11 -9.20121e-09 -1.94271e-09
1.27606e+00 1.13359e-06 2.59957e-09 1.55974e-06 -3.04155e-06
1.30210e+00 2.26457e-06 5.21180e-09 3.12708e-06 -6.07791e-06
1.32814e+00 3.39313e-06 7.81855e-09 4.69113e-06 -9.10775e-06
1.35418e+00 4.51806e-06 1.04170e-08 6.25019e-06 -1.21278e-05
1.38022e+00 5.63816e-06 1.30043e-08 7.80261e-06 -1.51349e-05
1.40627e+00 6.75221e-06 1.55778e-08 9.34668e-06 -1.81258e-05
1.43231e+00 7.85904e-06 1.81346e-08 1.08808e-05 -2.10973e-05
1.45835e+00 8.95745e-06 2.06720e-08 1.24032e-05 -2.40462e-05
1.48439e+00 1.00463e-05 2.31874e-08 1.39124e-05 -2.69693e-05
1.51043e+00 1.11243e-05 2.56779e-08 1.54067e-05 -2.98636e-05
1.53647e+00 1.21905e-05 2.81409e-08 1.68845e-05 -3.27258e-05
1.56252e+00 1.32436e-05 3.05738e-08 1.83443e-05 -3.55531e-05
1.58856e+00 1.42825e-05 3.29738e-08 1.97843e-05 -3.83422e-05
1.61460e+00 1.53062e-05 3.53386e-08 2.12031e-05 -4.10903e-05
1.64064e+00 1.63134e-05 3.76655e-08 2.25993e-05 -4.37944e-05
1.66668e+00 1.73032e-05 3.99520e-08 2.39712e-05 -4.64516e-05
1.69272e+00 1.82744e-05 4.21957e-08 2.53174e-05 -4.90591e-05
1.71876e+00 1.92261e-05 4.43942e-08 2.66365e-05 -5.16140e-05
1.74481e+00 2.01572e-05 4.65451e-08 2.79271e-05 -5.41136e-05
1.77085e+00 2.10666e-05 4.86461e-08 2.91877e-05 -5.65553e-05
1.79689e+00 2.19536e-05 5.06949e-08 3.04170e-05 -5.89365e-05
1.82293e+00 2.28170e-05 5.26894e-08 3.16136e-05 -6.12545e-05
1.84897e+00 2.36560e-05 5.46273e-08 3.27764e-05 -6.35070e-05
1.87501e+00 2.44697e-05 5.65067e-08 3.39040e-05 -6.56914e-05
1.90105e+00 2.52571e-05 5.83253e-08 3.49952e-05 -6.78055e-05
1.92709e+00 2.60175e-05 6.00814e-08 3.60488e-05 -6.98470e-05
1.95314e+00 2.67500e-05 6.17730e-08 3.70638e-05 -7.18137e-05
1.97918e+00 2.74539e-05 6.33983e-08 3.80390e-05 -7.37035e-05
2.00522e+00 2.81284e-05 6.49554e-08 3.89733e-05 -7.55144e-05
2.03126e+00 2.87728e-05 6.64429e-08 3.98658e-05 -7.72444e-05
2.05730e+00 2.93864e-05 6.78591e-08 4.07155e-05 -7.88917e-05
2.08334e+00 2.99684e-05 6.92023e-08 4.15214e-05 -8.04545e-05
2.10938e+00 3.05184e-05 7.04712e-08 4.22827e-05 -8.19312e-05
2.13542e+00 3.10357e-05 7.16644e-08 4.29986e-05 -8.33201e-05
2.16147e+00 3.15197e-05 7.27807e-08 4.36684e-05 -8.46199e-05
2.18751e+00 3.19700e-05 7.38188e-08 4.42913e-05 -8.58290e-05
2.21355e+00 3.23860e-05 7.47778e-08 4.48667e-05 -8.69462e-05
2.23959e+00 3.27673e-05 7.56564e-08 4.53938e-05 -8.79703e-05
2.26563e+00 3.31136e-05 7.64539e-08 4.58723e-05 -8.89002e-05
2.29167e+00 3.34243e-05 7.71693e-08 4.63016e-05 -8.97349e-05
2.31771e+00 3.36995e-05 7.78017e-08 4.66810e-05 -9.04736e-05
2.34375e+00 3.39388e-05 7.83512e-08 4.70107e-05 -9.11153e-05
2.36979e+00 3.41414e-05 7.88168e-08 4.72901e-05 -9.16595e-05
2.39584e+00 3.43071e-05 7.91968e-08 4.75181e-05 -9.21056e-05
2.42188e+00 3.44365e-05 7.94927e-08 4.76956e-05 -9.24530e-05
2.44792e+00 3.45289e-05 7.97039e-08 4.78224e-05 -9.27014e-05
2.47396e+00 3.45842e-05 7.98306e-08 4.78984e-05 -9.28506e-05
2.50000e+00 3.46027e-05 7.98732e-08 4.79239e-05 -9.29003e-05
