0.00000e+00 1.35398e-05 -2.94357e-07 -5.65165e-04 -4.30494e-05
2.60415e-02 1.35324e-05 -2.94210e-07 -5.64882e-04 -4.30264e-05
5.20829e-02 1.35108e-05 -2.93754e-07 -5.64008e-04 -4.29573e-05
7.81244e-02 1.34748e-05 -2.92989e-07 -5.62540e-04 -4.28421e-05
1.04166e-01 1.34237e-05 -2.91888e-07 -5.60426e-04 -4.26811e-05
1.30207e-01 1.33583e-05 -2.90472e-07 -5.57706e-04 -4.24744e-05
1.56249e-01 1.32793e-05 -2.88763e-07 -5.54424e-04 -4.22223e-05
1.82290e-01 1.31860e-05 -2.86745e-07 -5.50551e-04 -4.19249e-05
2.08332e-01 1.30784e-05 -2.84415e-07 -5.46076e-04 -4.15826e-05
2.34373e-01 1.29567e-05 -2.81772e-07 -5.41002e-04 -4.11958e-05
2.60415e-01 1.28211e-05 -2.78826e-07 -5.35346e-04 -4.07648e-05
2.86456e-01 1.26717e-05 -2.75582e-07 -5.29117e-04 -4.02903e-05
3.12498e-01 1.25089e-05 -2.72043e-07 -5.22322e-04 -3.97725e-05
3.38539e-01 1.23326e-05 -2.68212e-07 -5.14966e-04 -3.92122e-05
3.64580e-01 1.21431e-05 -2.64094e-07 -5.07060e-04 -3.86099e-05
3.90622e-01 1.19407e-05 -2.59693e-07 -4.98610e-04 -3.79663e-05
4.16663e-01 1.17254e-05 -2.55013e-07 -4.89626e-04 -3.72820e-05
4.42705e-01 1.14976e-05 -2.50056e-07 -4.80107e-04 -3.65578e-05
4.68746e-01 1.12575e-05 -2.44831e-07 -4.70076e-04 -3.57944e-05
4.94788e-01 1.10053e-05 -2.39344e-07 -4.59540e-04 -3.49927e-05
5.20829e-01 1.07414e-05 -2.33601e-07 -4.48515e-04 -3.41535e-05
5.46871e-01 1.04659e-05 -2.27608e-07 -4.37008e-04 -3.32778e-05
5.72912e-01 1.01793e-05 -2.21372e-07 -4.25035e-04 -3.23664e-05
5.98954e-01 9.88171e-06 -2.14900e-07 -4.12608e-04 -3.14204e-05
6.24995e-01 9.57357e-06 -2.08198e-07 -3.99741e-04 -3.04407e-05
6.51037e-01 9.25518e-06 -2.01274e-07 -3.86446e-04 -2.94284e-05
6.77078e-01 8.92689e-06 -1.94135e-07 -3.72739e-04 -2.83847e-05
7.03120e-01 8.58904e-06 -1.86789e-07 -3.58634e-04 -2.73105e-05
7.29161e-01 8.24199e-06 -1.79243e-07 -3.44147e-04 -2.62071e-05
7.55203e-01 7.88611e-06 -1.71505e-07 -3.29290e-04 -2.50756e-05
7.81245e-01 7.52179e-06 -1.63584e-07 -3.14082e-04 -2.39172e-05
8.07286e-01 7.14942e-06 -1.55488e-07 -2.98537e-04 -2.27333e-05
8.33328e-01 6.76939e-06 -1.47225e-07 -2.82673e-04 -2.15250e-05
8.59369e-01 6.38211e-06 -1.38802e-07 -2.66501e-04 -2.02936e-05
8.85411e-01 5.98801e-06 -1.30231e-07 -2.50044e-04 -1.90406e-05
9.11452e-01 5.58749e-06 -1.21521e-07 -2.33320e-04 -1.77671e-05
9.37494e-01 5.18098e-06 -1.12680e-07 -2.16347e-04 -1.64746e-05
9.63536e-01 4.76893e-06 -1.03719e-07 -1.99141e-04 -1.51645e-05
9.89577e-01 4.35176e-06 -9.46471e-08 -1.81722e-04 -1.38381e-05
1.01562e+00 3.92994e-06 -8.54740e-08 -1.64110e-04 -1.24969e-05
1.04166e+00 3.50391e-06 -7.62097e-08 -1.46323e-04 -1.11423e-05
1.06770e+00 3.07413e-06 -6.68641e-08 -1.28379e-04 -9.77584e-06
1.09374e+00 2.64105e-06 -5.74472e-08 -1.10299e-04 -8.39887e-06
1.11979e+00 2.20515e-06 -4.79693e-08 -9.21010e-05 -7.01291e-06
1.14583e+00 1.76689e-06 -3.84402e-08 -7.38052e-05 -5.61943e-06
1.17187e+00 1.32673e-06 -2.88702e-08 -5.54308e-05 -4.21994e-06
1.19791e+00 8.85157e-07 -1.92694e-08 -3.69972e-05 -2.81593e-06
1.22395e+00 4.42634e-07 -9.64811e-09 -1.85244e-05 -1.40890e-06
1.24999e+00 -3.63276e-10 -1.66129e-11 -3.18968e-08 -3.60793e-10
1.27604e+00 -4.43361e-07 9.61718e-09 1.84650e-05 1.40818e-06
1.30208e+00 -8.85887e-07 1.92406e-08 3.69420e-05 2.81521e-06
1.32812e+00 -1.32746e-06 2.88432e-08 5.53790e-05 4.21922e-06
1.35416e+00 -1.76762e-06 3.84149e-08 7.37567e-05 5.61872e-06
1.38020e+00 -2.20588e-06 4.79454e-08 9.20552e-05 7.01220e-06
1.40624e+00 -2.64178e-06 5.74246e-08 1.10255e-04 8.39818e-06
1.43229e+00 -3.07485e-06 6.68418e-08 1.28336e-04 9.77516e-06
1.45833e+00 -3.50463e-06 7.61876e-08 1.46280e-04 1.11417e-05
1.48437e+00 -3.93066e-06 8.54513e-08 1.64067e-04 1.24963e-05
1.51041e+00 -4.35248e-06 9.46237e-08 1.81677e-04 1.38375e-05
1.53645e+00 -4.76963e-06 1.03694e-07 1.99093e-04 1.51638e-05
1.56249e+00 -5.18168e-06 1.12654e-07 2.16296e-04 1.64740e-05
1.58854e+00 -5.58818e-06 1.21493e-07 2.33267e-04 1.77665e-05
1.61458e+00 -5.98870e-06 1.30203e-07 2.49989e-04 1.90400e-05
1.64062e+00 -6.38280e-06 1.38773e-07 2.66443e-04 2.02931e-05
1.66666e+00 -6.77007e-06 1.47194e-07 2.82613e-04 2.15244e-05
1.69270e+00 -7.15010e-06 1.55459e-07 2.98482e-04 2.27328e-05
1.71874e+00 -7.52248e-06 1.63558e-07 3.14032e-04 2.39167e-05
1.74479e+00 -7.88680e-06 1.71483e-07 3.29247e-04 2.50751e-05
1.77083e+00 -8.24268e-06 1.79224e-07 3.44110e-04 2.62066e-05
1.79687e+00 -8.58973e-06 1.86773e-07 3.58604e-04 2.73100e-05
1.82291e+00 -8.92759e-06 1.94123e-07 3.72716e-04 2.83843e-05
1.84895e+00 -9.25589e-06 2.01265e-07 3.86430e-04 2.94281e-05
1.87500e+00 -9.57428e-06 2.08193e-07 3.99731e-04 3.04404e-05
1.90104e+00 -9.88242e-06 2.14898e-07 4.12605e-04 3.14201e-05
1.92708e+00 -1.01800e-05 2.21374e-07 4.25038e-04 3.23661e-05
1.95312e+00 -1.04666e-05 2.27614e-07 4.37018e-04 3.32775e-05
1.97916e+00 -1.07421e-05 2.33610e-07 4.48532e-04 3.41533e-05
2.00520e+00 -1.10061e-05 2.39357e-07 4.59566e-04 3.49925e-05
2.03125e+00 -1.12582e-05 2.44849e-07 4.70110e-04 3.57942e-05
2.05729e+00 -1.14983e-05 2.50080e-07 4.80153e-04 3.65576e-05
2.08333e+00 -1.17262e-05 2.55044e-07 4.89684e-04 3.72818e-05
2.10937e+00 -1.19414e-05 2.59737e-07 4.98694e-04 3.79661e-05
2.13541e+00 -1.21439e-05 2.64153e-07 5.07173e-04 3.86098e-05
2.16146e+00 -1.23333e-05 2.68286e-07 5.15110e-04 3.92121e-05
2.18750e+00 -1.25096e-05 2.72134e-07 5.22497e-04 3.97724e-05
2.21354e+00 -1.26725e-05 2.75691e-07 5.29326e-04 4.02902e-05
2.23958e+00 -1.28218e-05 2.78953e-07 5.35589e-04 4.07648e-05
2.26562e+00 -1.29574e-05 2.81918e-07 5.41282e-04 4.11957e-05
2.29166e+00 -1.30791e-05 2.84579e-07 5.46392e-04 4.15825e-05
2.31771e+00 -1.31868e-05 2.86931e-07 5.50907e-04 4.19248e-05
2.34375e+00 -1.32801e-05 2.88970e-07 5.54823e-04 4.22222e-05
2.36979e+00 -1.33590e-05 2.90702e-07 5.58147e-04 4.24744e-05
2.39583e+00 -1.34243e-05 2.92138e-07 5.60904e-04 4.26811e-05
2.42187e+00 -1.34753e-05 2.93264e-07 5.63067e-04 4.28421e-05
2.44792e+00 -1.35113e-05 2.94057e-07 5.64589e-04 4.29572e-05
2.47396e+00 -1.35330e-05 2.94532e-07 5.65502e-04 4.30264e-05
2.50000e+00 -1.35403e-05 2.94698e-07 5.65820e-04 4.30494e-05
