0.00000e+00 -1.91488e-05 2.65150e-07 2.03635e-03 5.92015e-05
2.60420e-02 -1.91384e-05 2.65006e-07 2.03525e-03 5.91698e-05
5.20839e-02 -1.91078e-05 2.64580e-07 2.03198e-03 5.90747e-05
7.81259e-02 -1.90568e-05 2.63869e-07 2.02651e-03 5.89164e-05
1.04168e-01 -1.89848e-05 2.62876e-07 2.01888e-03 5.86950e-05
1.30210e-01 -1.88926e-05 2.61610e-07 2.00916e-03 5.84107e-05
1.56252e-01 -1.87809e-05 2.60057e-07 1.99724e-03 5.80639e-05
1.82294e-01 -1.86488e-05 2.58217e-07 1.98310e-03 5.76549e-05
2.08336e-01 -1.84964e-05 2.56104e-07 1.96688e-03 5.71842e-05
2.34378e-01 -1.83244e-05 2.53722e-07 1.94858e-03 5.66522e-05
2.60420e-01 -1.81327e-05 2.51069e-07 1.92821e-03 5.60596e-05
2.86462e-01 -1.79216e-05 2.48146e-07 1.90576e-03 5.54069e-05
3.12504e-01 -1.76913e-05 2.44958e-07 1.88127e-03 5.46949e-05
3.38545e-01 -1.74421e-05 2.41506e-07 1.85477e-03 5.39244e-05
3.64587e-01 -1.71742e-05 2.37796e-07 1.82628e-03 5.30961e-05
3.90629e-01 -1.68879e-05 2.33832e-07 1.79583e-03 5.22109e-05
4.16671e-01 -1.65835e-05 2.29616e-07 1.76345e-03 5.12698e-05
4.42713e-01 -1.62614e-05 2.25155e-07 1.72919e-03 5.02738e-05
4.68755e-01 -1.59218e-05 2.20453e-07 1.69308e-03 4.92240e-05
4.94797e-01 -1.55651e-05 2.15515e-07 1.65515e-03 4.81215e-05
5.20839e-01 -1.51918e-05 2.10346e-07 1.61545e-03 4.69674e-05
5.46881e-01 -1.48022e-05 2.04951e-07 1.57403e-03 4.57631e-05
5.72923e-01 -1.43968e-05 1.99338e-07 1.53091e-03 4.45097e-05
5.98965e-01 -1.39760e-05 1.93510e-07 1.48616e-03 4.32087e-05
6.25007e-01 -1.35402e-05 1.87476e-07 1.43982e-03 4.18614e-05
6.51048e-01 -1.30899e-05 1.81241e-07 1.39193e-03 4.04693e-05
6.77090e-01 -1.26255e-05 1.74811e-07 1.34255e-03 3.90339e-05
7.03132e-01 -1.21477e-05 1.68194e-07 1.29173e-03 3.75566e-05
7.29174e-01 -1.16569e-05 1.61398e-07 1.23953e-03 3.60391e-05
7.55216e-01 -1.11535e-05 1.54428e-07 1.18601e-03 3.44831e-05
7.81258e-01 -1.06383e-05 1.47293e-07 1.13121e-03 3.28901e-05
8.07300e-01 -1.01116e-05 1.40001e-07 1.07521e-03 3.12619e-05
8.33341e-01 -9.57413e-06 1.32558e-07 1.01805e-03 2.96002e-05
8.59383e-01 -9.02638e-06 1.24974e-07 9.59797e-04 2.79068e-05
8.85425e-01 -8.46897e-06 1.17255e-07 9.00518e-04 2.61836e-05
9.11467e-01 -7.90248e-06 1.09411e-07 8.40275e-04 2.44323e-05
9.37509e-01 -7.32754e-06 1.01449e-07 7.79132e-04 2.26548e-05
9.63550e-01 -6.74474e-06 9.33796e-08 7.17156e-04 2.08531e-05
9.89592e-01 -6.15473e-06 8.52099e-08 6.54412e-04 1.90291e-05
1.01563e+00 -5.55812e-06 7.69488e-08 5.90967e-04 1.71846e-05
1.04168e+00 -4.95557e-06 6.86054e-08 5.26889e-04 1.53218e-05
1.06772e+00 -4.34770e-06 6.01884e-08 4.62247e-04 1.34426e-05
1.09376e+00 -3.73518e-06 5.17069e-08 3.97109e-04 1.15490e-05
1.11980e+00 -3.11866e-06 4.31700e-08 3.31546e-04 9.64297e-06
1.14584e+00 -2.49881e-06 3.45869e-08 2.65627e-04 7.72666e-06
1.17188e+00 -1.87627e-06 2.59668e-08 1.99425e-04 5.80207e-06
1.19793e+00 -1.25173e-06 1.73188e-08 1.33008e-04 3.87127e-06
1.22397e+00 -6.25851e-07 8.65219e-09 6.64488e-05 1.93632e-06
1.25001e+00 7.00949e-10 -2.36214e-11 -1.81412e-07 -6.96311e-10
1.27605e+00 6.27259e-07 -8.69932e-09 -6.68108e-05 -1.93771e-06
1.30209e+00 1.25315e-06 -1.73657e-08 -1.33368e-04 -3.87265e-06
1.32813e+00 1.87769e-06 -2.60135e-08 -1.99783e-04 -5.80345e-06
1.35418e+00 2.50023e-06 -3.46334e-08 -2.65985e-04 -7.72803e-06
1.38022e+00 3.12009e-06 -4.32163e-08 -3.31901e-04 -9.64433e-06
1.40626e+00 3.73661e-06 -5.17529e-08 -3.97462e-04 -1.15503e-05
1.43230e+00 4.34912e-06 -6.02341e-08 -4.62598e-04 -1.34439e-05
1.45834e+00 4.95698e-06 -6.86508e-08 -5.27238e-04 -1.53231e-05
1.48438e+00 5.55954e-06 -7.69940e-08 -5.91314e-04 -1.71859e-05
1.51043e+00 6.15614e-06 -8.52548e-08 -6.54757e-04 -1.90303e-05
1.53647e+00 6.74615e-06 -9.34243e-08 -7.17499e-04 -2.08543e-05
1.56251e+00 7.32894e-06 -1.01494e-07 -7.79473e-04 -2.26560e-05
1.58855e+00 7.90388e-06 -1.09455e-07 -8.40613e-04 -2.44334e-05
1.61459e+00 8.47035e-06 -1.17299e-07 -9.00854e-04 -2.61847e-05
1.64063e+00 9.02776e-06 -1.25017e-07 -9.60130e-04 -2.79079e-05
1.66667e+00 9.57550e-06 -1.32601e-07 -1.01838e-03 -2.96013e-05
1.69272e+00 1.01130e-05 -1.40044e-07 -1.07553e-03 -3.12629e-05
1.71876e+00 1.06396e-05 -1.47336e-07 -1.13154e-03 -3.28911e-05
1.74480e+00 1.11549e-05 -1.54470e-07 -1.18633e-03 -3.44840e-05
1.77084e+00 1.16582e-05 -1.61439e-07 -1.23985e-03 -3.60400e-05
1.79688e+00 1.21491e-05 -1.68235e-07 -1.29205e-03 -3.75574e-05
1.82292e+00 1.26269e-05 -1.74851e-07 -1.34286e-03 -3.90346e-05
1.84897e+00 1.30912e-05 -1.81280e-07 -1.39223e-03 -4.04700e-05
1.87501e+00 1.35415e-05 -1.87515e-07 -1.44011e-03 -4.18621e-05
1.90105e+00 1.39773e-05 -1.93548e-07 -1.48645e-03 -4.32094e-05
1.92709e+00 1.43982e-05 -1.99375e-07 -1.53120e-03 -4.45103e-05
1.95313e+00 1.48036e-05 -2.04988e-07 -1.57430e-03 -4.57636e-05
1.97917e+00 1.51932e-05 -2.10381e-07 -1.61573e-03 -4.69679e-05
2.00521e+00 1.55665e-05 -2.15549e-07 -1.65542e-03 -4.81220e-05
2.03126e+00 1.59231e-05 -2.20487e-07 -1.69334e-03 -4.92244e-05
2.05730e+00 1.62627e-05 -2.25188e-07 -1.72944e-03 -5.02742e-05
2.08334e+00 1.65849e-05 -2.29648e-07 -1.76370e-03 -5.12702e-05
2.10938e+00 1.68894e-05 -2.33862e-07 -1.79606e-03 -5.22112e-05
2.13542e+00 1.71757e-05 -2.37825e-07 -1.82649e-03 -5.30963e-05
2.16146e+00 1.74437e-05 -2.41533e-07 -1.85497e-03 -5.39246e-05
2.18750e+00 1.76930e-05 -2.44982e-07 -1.88146e-03 -5.46951e-05
2.21354e+00 1.79233e-05 -2.48169e-07 -1.90594e-03 -5.54071e-05
2.23959e+00 1.81345e-05 -2.51090e-07 -1.92837e-03 -5.60597e-05
2.26563e+00 1.83262e-05 -2.53741e-07 -1.94873e-03 -5.66523e-05
2.29167e+00 1.84983e-05 -2.56121e-07 -1.96701e-03 -5.71843e-05
2.31771e+00 1.86507e-05 -2.58233e-07 -1.98323e-03 -5.76550e-05
2.34375e+00 1.87829e-05 -2.60072e-07 -1.99735e-03 -5.80640e-05
2.36979e+00 1.88948e-05 -2.61625e-07 -2.00928e-03 -5.84108e-05
2.39583e+00 1.89869e-05 -2.62891e-07 -2.01900e-03 -5.86950e-05
2.42188e+00 1.90589e-05 -2.63881e-07 -2.02661e-03 -5.89164e-05
2.44792e+00 1.91100e-05 -2.64591e-07 -2.03206e-03 -5.90747e-05
2.47396e+00 1.91407e-05 -2.65017e-07 -2.03533e-03 -5.91698e-05
2.50000e+00 1.91511e-05 -2.65160e-07 -2.03643e-03 -5.92015e-05
