0.00000e+00 -1.40508e-05 2.97558e-07 2.28524e-03 4.30511e-05
2.60419e-02 -1.40432e-05 2.97396e-07 2.28400e-03 4.30280e-05
5.20838e-02 -1.40207e-05 2.96919e-07 2.28034e-03 4.29589e-05
7.81257e-02 -1.39833e-05 2.96125e-07 2.27424e-03 4.28438e-05
1.04168e-01 -1.39304e-05 2.95007e-07 2.26565e-03 4.26828e-05
1.30209e-01 -1.38625e-05 2.93580e-07 2.25469e-03 4.24760e-05
1.56251e-01 -1.37805e-05 2.91841e-07 2.24134e-03 4.22238e-05
1.82293e-01 -1.36837e-05 2.89777e-07 2.22549e-03 4.19264e-05
2.08335e-01 -1.35720e-05 2.87403e-07 2.20726e-03 4.15841e-05
2.34377e-01 -1.34457e-05 2.84730e-07 2.18673e-03 4.11973e-05
2.60419e-01 -1.33049e-05 2.81752e-07 2.16385e-03 4.07663e-05
2.86461e-01 -1.31500e-05 2.78472e-07 2.13866e-03 4.02917e-05
3.12503e-01 -1.29810e-05 2.74893e-07 2.11118e-03 3.97739e-05
3.38544e-01 -1.27981e-05 2.71020e-07 2.08143e-03 3.92136e-05
3.64586e-01 -1.26014e-05 2.66856e-07 2.04946e-03 3.86113e-05
3.90628e-01 -1.23913e-05 2.62407e-07 2.01529e-03 3.79676e-05
4.16670e-01 -1.21680e-05 2.57677e-07 1.97896e-03 3.72832e-05
4.42712e-01 -1.19315e-05 2.52671e-07 1.94051e-03 3.65590e-05
4.68754e-01 -1.16824e-05 2.47394e-07 1.89999e-03 3.57955e-05
4.94796e-01 -1.14206e-05 2.41852e-07 1.85743e-03 3.49938e-05
5.20837e-01 -1.11467e-05 2.36052e-07 1.81288e-03 3.41546e-05
5.46879e-01 -1.08609e-05 2.29998e-07 1.76639e-03 3.32788e-05
5.72921e-01 -1.05634e-05 2.23699e-07 1.71801e-03 3.23673e-05
5.98963e-01 -1.02546e-05 2.17159e-07 1.66778e-03 3.14213e-05
6.25005e-01 -9.93479e-06 2.10388e-07 1.61578e-03 3.04415e-05
6.51047e-01 -9.60438e-06 2.03390e-07 1.56204e-03 2.94292e-05
6.77088e-01 -9.26368e-06 1.96175e-07 1.50663e-03 2.83853e-05
7.03130e-01 -8.91307e-06 1.88750e-07 1.44960e-03 2.73111e-05
7.29172e-01 -8.55291e-06 1.81122e-07 1.39102e-03 2.62076e-05
7.55214e-01 -8.18360e-06 1.73301e-07 1.33095e-03 2.50760e-05
7.81256e-01 -7.80552e-06 1.65294e-07 1.26946e-03 2.39176e-05
8.07297e-01 -7.41908e-06 1.57110e-07 1.20661e-03 2.27336e-05
8.33339e-01 -7.02470e-06 1.48758e-07 1.14246e-03 2.15253e-05
8.59381e-01 -6.62280e-06 1.40246e-07 1.07709e-03 2.02938e-05
8.85423e-01 -6.21381e-06 1.31584e-07 1.01057e-03 1.90407e-05
9.11465e-01 -5.79817e-06 1.22782e-07 9.42963e-04 1.77672e-05
9.37506e-01 -5.37631e-06 1.13847e-07 8.74347e-04 1.64746e-05
9.63548e-01 -4.94870e-06 1.04791e-07 8.04796e-04 1.51644e-05
9.89590e-01 -4.51579e-06 9.56228e-08 7.34383e-04 1.38380e-05
1.01563e+00 -4.07804e-06 8.63520e-08 6.63183e-04 1.24967e-05
1.04167e+00 -3.63592e-06 7.69886e-08 5.91273e-04 1.11421e-05
1.06771e+00 -3.18992e-06 6.75428e-08 5.18728e-04 9.77552e-06
1.09376e+00 -2.74049e-06 5.80245e-08 4.45628e-04 8.39849e-06
1.11980e+00 -2.28814e-06 4.84441e-08 3.72050e-04 7.01246e-06
1.14584e+00 -1.83333e-06 3.88117e-08 2.98074e-04 5.61892e-06
1.17188e+00 -1.37656e-06 2.91376e-08 2.23777e-04 4.21937e-06
1.19792e+00 -9.18320e-07 1.94323e-08 1.49240e-04 2.81530e-06
1.22397e+00 -4.59097e-07 9.70609e-09 7.45428e-05 1.40822e-06
1.25001e+00 6.19490e-10 -3.05005e-11 -2.34244e-07 -3.74209e-10
1.27605e+00 4.60335e-07 -9.76738e-09 -7.50135e-05 -1.40897e-06
1.30209e+00 9.19558e-07 -1.94938e-08 -1.49712e-04 -2.81605e-06
1.32813e+00 1.37780e-06 -2.91993e-08 -2.24251e-04 -4.22011e-06
1.35417e+00 1.83456e-06 -3.88736e-08 -2.98549e-04 -5.61966e-06
1.38022e+00 2.28936e-06 -4.85063e-08 -3.72529e-04 -7.01319e-06
1.40626e+00 2.74170e-06 -5.80871e-08 -4.46109e-04 -8.39921e-06
1.43230e+00 3.19111e-06 -6.76057e-08 -5.19211e-04 -9.77623e-06
1.45834e+00 3.63711e-06 -7.70518e-08 -5.91758e-04 -1.11428e-05
1.48438e+00 4.07920e-06 -8.64155e-08 -6.63671e-04 -1.24974e-05
1.51042e+00 4.51693e-06 -9.56865e-08 -7.34872e-04 -1.38386e-05
1.53646e+00 4.94983e-06 -1.04855e-07 -8.05287e-04 -1.51651e-05
1.56251e+00 5.37742e-06 -1.13911e-07 -8.74839e-04 -1.64753e-05
1.58855e+00 5.79925e-06 -1.22846e-07 -9.43455e-04 -1.77678e-05
1.61459e+00 6.21487e-06 -1.31648e-07 -1.01106e-03 -1.90413e-05
1.64063e+00 6.62384e-06 -1.40310e-07 -1.07758e-03 -2.02944e-05
1.66667e+00 7.02572e-06 -1.48821e-07 -1.14295e-03 -2.15258e-05
1.69271e+00 7.42008e-06 -1.57173e-07 -1.20709e-03 -2.27342e-05
1.71876e+00 7.80650e-06 -1.65357e-07 -1.26994e-03 -2.39182e-05
1.74480e+00 8.18456e-06 -1.73363e-07 -1.33143e-03 -2.50765e-05
1.77084e+00 8.55386e-06 -1.81183e-07 -1.39149e-03 -2.62081e-05
1.79688e+00 8.91400e-06 -1.88810e-07 -1.45006e-03 -2.73115e-05
1.82292e+00 9.26460e-06 -1.96234e-07 -1.50707e-03 -2.83858e-05
1.84896e+00 9.60528e-06 -2.03447e-07 -1.56247e-03 -2.94296e-05
1.87500e+00 9.93568e-06 -2.10443e-07 -1.61620e-03 -3.04419e-05
1.90105e+00 1.02554e-05 -2.17212e-07 -1.66819e-03 -3.14216e-05
1.92709e+00 1.05642e-05 -2.23749e-07 -1.71839e-03 -3.23677e-05
1.95313e+00 1.08617e-05 -2.30046e-07 -1.76675e-03 -3.32791e-05
1.97917e+00 1.11475e-05 -2.36097e-07 -1.81322e-03 -3.41548e-05
2.00521e+00 1.14214e-05 -2.41894e-07 -1.85775e-03 -3.49940e-05
2.03125e+00 1.16831e-05 -2.47432e-07 -1.90028e-03 -3.57958e-05
2.05730e+00 1.19323e-05 -2.52705e-07 -1.94078e-03 -3.65592e-05
2.08334e+00 1.21687e-05 -2.57707e-07 -1.97919e-03 -3.72834e-05
2.10938e+00 1.23921e-05 -2.62433e-07 -2.01548e-03 -3.79677e-05
2.13542e+00 1.26022e-05 -2.66877e-07 -2.04961e-03 -3.86114e-05
2.16146e+00 1.27988e-05 -2.71035e-07 -2.08155e-03 -3.92137e-05
2.18750e+00 1.29817e-05 -2.74903e-07 -2.11126e-03 -3.97741e-05
2.21354e+00 1.31507e-05 -2.78477e-07 -2.13870e-03 -4.02918e-05
2.23959e+00 1.33057e-05 -2.81752e-07 -2.16385e-03 -4.07664e-05
2.26563e+00 1.34464e-05 -2.84725e-07 -2.18669e-03 -4.11973e-05
2.29167e+00 1.35727e-05 -2.87393e-07 -2.20718e-03 -4.15842e-05
2.31771e+00 1.36844e-05 -2.89762e-07 -2.22537e-03 -4.19265e-05
2.34375e+00 1.37812e-05 -2.91822e-07 -2.24119e-03 -4.22239e-05
2.36979e+00 1.38632e-05 -2.93559e-07 -2.25453e-03 -4.24761e-05
2.39583e+00 1.39309e-05 -2.94983e-07 -2.26547e-03 -4.26828e-05
2.42188e+00 1.39838e-05 -2.96097e-07 -2.27403e-03 -4.28438e-05
2.44792e+00 1.40212e-05 -2.96888e-07 -2.28010e-03 -4.29589e-05
2.47396e+00 1.40436e-05 -2.97363e-07 -2.28375e-03 -4.30280e-05
2.50000e+00 1.40513e-05 -2.97526e-07 -2.28500e-03 -4.30511e-05
