0.00000e+00 1.86509e-05 -2.66385e-07 -8.18335e-03 -5.91996e-05
2.60414e-02 1.86407e-05 -2.66240e-07 -8.17890e-03 -5.91679e-05
5.20827e-02 1.86109e-05 -2.65812e-07 -8.16575e-03 -5.90728e-05
7.81241e-02 1.85613e-05 -2.65097e-07 -8.14379e-03 -5.89145e-05
1.04165e-01 1.84912e-05 -2.64100e-07 -8.11315e-03 -5.86931e-05
1.30207e-01 1.84014e-05 -2.62828e-07 -8.07408e-03 -5.84089e-05
1.56248e-01 1.82925e-05 -2.61268e-07 -8.02617e-03 -5.80621e-05
1.82290e-01 1.81639e-05 -2.59419e-07 -7.96936e-03 -5.76531e-05
2.08331e-01 1.80156e-05 -2.57297e-07 -7.90415e-03 -5.71824e-05
2.34372e-01 1.78480e-05 -2.54904e-07 -7.83064e-03 -5.66505e-05
2.60414e-01 1.76613e-05 -2.52238e-07 -7.74876e-03 -5.60579e-05
2.86455e-01 1.74557e-05 -2.49303e-07 -7.65858e-03 -5.54053e-05
3.12497e-01 1.72314e-05 -2.46099e-07 -7.56017e-03 -5.46934e-05
3.38538e-01 1.69887e-05 -2.42632e-07 -7.45366e-03 -5.39229e-05
3.64579e-01 1.67278e-05 -2.38905e-07 -7.33916e-03 -5.30946e-05
3.90621e-01 1.64489e-05 -2.34922e-07 -7.21680e-03 -5.22095e-05
4.16662e-01 1.61525e-05 -2.30687e-07 -7.08671e-03 -5.12685e-05
4.42704e-01 1.58387e-05 -2.26206e-07 -6.94904e-03 -5.02726e-05
4.68745e-01 1.55079e-05 -2.21482e-07 -6.80392e-03 -4.92229e-05
4.94786e-01 1.51605e-05 -2.16521e-07 -6.65152e-03 -4.81204e-05
5.20828e-01 1.47970e-05 -2.11328e-07 -6.49199e-03 -4.69664e-05
5.46869e-01 1.44175e-05 -2.05909e-07 -6.32552e-03 -4.57622e-05
5.72911e-01 1.40226e-05 -2.00269e-07 -6.15228e-03 -4.45089e-05
5.98952e-01 1.36128e-05 -1.94415e-07 -5.97244e-03 -4.32080e-05
6.24994e-01 1.31883e-05 -1.88353e-07 -5.78621e-03 -4.18608e-05
6.51035e-01 1.27497e-05 -1.82089e-07 -5.59378e-03 -4.04687e-05
6.77077e-01 1.22975e-05 -1.75630e-07 -5.39536e-03 -3.90334e-05
7.03118e-01 1.18321e-05 -1.68983e-07 -5.19116e-03 -3.75562e-05
7.29160e-01 1.13540e-05 -1.62155e-07 -4.98141e-03 -3.60388e-05
7.55201e-01 1.08638e-05 -1.55154e-07 -4.76632e-03 -3.44829e-05
7.81243e-01 1.03619e-05 -1.47986e-07 -4.54613e-03 -3.28900e-05
8.07284e-01 9.84898e-06 -1.40660e-07 -4.32107e-03 -3.12619e-05
8.33326e-01 9.32548e-06 -1.33183e-07 -4.09139e-03 -2.96003e-05
8.59367e-01 8.79199e-06 -1.25564e-07 -3.85732e-03 -2.79070e-05
8.85409e-01 8.24908e-06 -1.17810e-07 -3.61911e-03 -2.61838e-05
9.11450e-01 7.69733e-06 -1.09929e-07 -3.37703e-03 -2.44326e-05
9.37492e-01 7.13735e-06 -1.01931e-07 -3.13133e-03 -2.26553e-05
9.63533e-01 6.56971e-06 -9.38243e-08 -2.88228e-03 -2.08536e-05
9.89575e-01 5.99505e-06 -8.56168e-08 -2.63015e-03 -1.90297e-05
1.01562e+00 5.41396e-06 -7.73177e-08 -2.37520e-03 -1.71854e-05
1.04166e+00 4.82708e-06 -6.89358e-08 -2.11771e-03 -1.53226e-05
1.06770e+00 4.23503e-06 -6.04800e-08 -1.85794e-03 -1.34435e-05
1.09374e+00 3.63844e-06 -5.19593e-08 -1.59619e-03 -1.15499e-05
1.11978e+00 3.03795e-06 -4.33830e-08 -1.33273e-03 -9.64400e-06
1.14582e+00 2.43422e-06 -3.47602e-08 -1.06783e-03 -7.72776e-06
1.17187e+00 1.82787e-06 -2.61002e-08 -8.01797e-04 -5.80325e-06
1.19791e+00 1.21957e-06 -1.74121e-08 -5.34900e-04 -3.87251e-06
1.22395e+00 6.09967e-07 -8.70538e-09 -2.67429e-04 -1.93763e-06
1.24999e+00 -2.93332e-10 1.06745e-11 3.27920e-07 -6.78476e-10
1.27603e+00 -6.10562e-07 8.72669e-09 2.68084e-04 1.93628e-06
1.30207e+00 -1.22018e-06 1.74334e-08 5.35553e-04 3.87116e-06
1.32812e+00 -1.82849e-06 2.61214e-08 8.02450e-04 5.80190e-06
1.35416e+00 -2.43484e-06 3.47815e-08 1.06849e-03 7.72643e-06
1.38020e+00 -3.03859e-06 4.34044e-08 1.33338e-03 9.64268e-06
1.40624e+00 -3.63908e-06 5.19808e-08 1.59685e-03 1.15486e-05
1.43228e+00 -4.23568e-06 6.05016e-08 1.85861e-03 1.34422e-05
1.45832e+00 -4.82774e-06 6.89576e-08 2.11838e-03 1.53213e-05
1.48437e+00 -5.41464e-06 7.73398e-08 2.37588e-03 1.71841e-05
1.51041e+00 -5.99573e-06 8.56393e-08 2.63084e-03 1.90285e-05
1.53645e+00 -6.57041e-06 9.38471e-08 2.88298e-03 2.08525e-05
1.56249e+00 -7.13805e-06 1.01954e-07 3.13204e-03 2.26541e-05
1.58853e+00 -7.69805e-06 1.09953e-07 3.37775e-03 2.44315e-05
1.61458e+00 -8.24981e-06 1.17833e-07 3.61984e-03 2.61828e-05
1.64062e+00 -8.79273e-06 1.25588e-07 3.85806e-03 2.79060e-05
1.66666e+00 -9.32624e-06 1.33208e-07 4.09214e-03 2.95993e-05
1.69270e+00 -9.84977e-06 1.40685e-07 4.32184e-03 3.12609e-05
1.71874e+00 -1.03627e-05 1.48011e-07 4.54691e-03 3.28891e-05
1.74478e+00 -1.08646e-05 1.55179e-07 4.76711e-03 3.44820e-05
1.77083e+00 -1.13549e-05 1.62181e-07 4.98220e-03 3.60380e-05
1.79687e+00 -1.18330e-05 1.69009e-07 5.19197e-03 3.75554e-05
1.82291e+00 -1.22984e-05 1.75657e-07 5.39617e-03 3.90326e-05
1.84895e+00 -1.27506e-05 1.82116e-07 5.59459e-03 4.04680e-05
1.87499e+00 -1.31893e-05 1.88380e-07 5.78702e-03 4.18601e-05
1.90104e+00 -1.36137e-05 1.94442e-07 5.97325e-03 4.32073e-05
1.92708e+00 -1.40236e-05 2.00296e-07 6.15308e-03 4.45083e-05
1.95312e+00 -1.44185e-05 2.05935e-07 6.32632e-03 4.57616e-05
1.97916e+00 -1.47980e-05 2.11354e-07 6.49279e-03 4.69659e-05
2.00520e+00 -1.51616e-05 2.16547e-07 6.65231e-03 4.81200e-05
2.03125e+00 -1.55090e-05 2.21507e-07 6.80471e-03 4.92224e-05
2.05729e+00 -1.58398e-05 2.26231e-07 6.94982e-03 5.02722e-05
2.08333e+00 -1.61537e-05 2.30712e-07 7.08748e-03 5.12682e-05
2.10937e+00 -1.64502e-05 2.34946e-07 7.21754e-03 5.22092e-05
2.13541e+00 -1.67291e-05 2.38928e-07 7.33987e-03 5.30944e-05
2.16145e+00 -1.69901e-05 2.42654e-07 7.45433e-03 5.39226e-05
2.18750e+00 -1.72329e-05 2.46120e-07 7.56081e-03 5.46932e-05
2.21354e+00 -1.74573e-05 2.49322e-07 7.65918e-03 5.54052e-05
2.23958e+00 -1.76630e-05 2.52257e-07 7.74933e-03 5.60578e-05
2.26562e+00 -1.78498e-05 2.54921e-07 7.83117e-03 5.66504e-05
2.29166e+00 -1.80174e-05 2.57313e-07 7.90465e-03 5.71824e-05
2.31771e+00 -1.81658e-05 2.59435e-07 7.96983e-03 5.76531e-05
2.34375e+00 -1.82946e-05 2.61283e-07 8.02660e-03 5.80620e-05
2.36979e+00 -1.84035e-05 2.62843e-07 8.07454e-03 5.84089e-05
2.39583e+00 -1.84933e-05 2.64116e-07 8.11363e-03 5.86931e-05
2.42187e+00 -1.85635e-05 2.65112e-07 8.14423e-03 5.89145e-05
2.44792e+00 -1.86132e-05 2.65825e-07 8.16614e-03 5.90728e-05
2.47396e+00 -1.86431e-05 2.66253e-07 8.17929e-03 5.91679e-05
2.50000e+00 -1.86532e-05 2.66398e-07 8.18374e-03 5.91996e-05
