0.00000e+00 -1.34302e-05 -2.99309e-07 -9.19476e-03 4.21036e-05
2.60419e-02 -1.34230e-05 -2.99287e-07 -9.19409e-03 4.20810e-05
5.20838e-02 -1.34017e-05 -2.98910e-07 -9.18251e-03 4.20134e-05
7.81256e-02 -1.33662e-05 -2.98216e-07 -9.16119e-03 4.19008e-05
1.04168e-01 -1.33157e-05 -2.97248e-07 -9.13146e-03 4.17434e-05
1.30209e-01 -1.32509e-05 -2.95916e-07 -9.09054e-03 4.15412e-05
1.56251e-01 -1.31726e-05 -2.94258e-07 -9.03960e-03 4.12946e-05
1.82293e-01 -1.30801e-05 -2.92271e-07 -8.97857e-03 4.10037e-05
2.08335e-01 -1.29734e-05 -2.89968e-07 -8.90782e-03 4.06689e-05
2.34377e-01 -1.28527e-05 -2.87345e-07 -8.82722e-03 4.02906e-05
2.60419e-01 -1.27182e-05 -2.84411e-07 -8.73710e-03 3.98691e-05
2.86461e-01 -1.25701e-05 -2.81169e-07 -8.63751e-03 3.94049e-05
3.12502e-01 -1.24085e-05 -2.77623e-07 -8.52857e-03 3.88986e-05
3.38544e-01 -1.22337e-05 -2.73769e-07 -8.41019e-03 3.83506e-05
3.64586e-01 -1.20458e-05 -2.69619e-07 -8.28271e-03 3.77615e-05
3.90628e-01 -1.18450e-05 -2.65177e-07 -8.14622e-03 3.71320e-05
4.16670e-01 -1.16315e-05 -2.60444e-07 -8.00085e-03 3.64627e-05
4.42712e-01 -1.14055e-05 -2.55429e-07 -7.84677e-03 3.57544e-05
4.68754e-01 -1.11674e-05 -2.50135e-07 -7.68414e-03 3.50077e-05
4.94795e-01 -1.09173e-05 -2.44569e-07 -7.51316e-03 3.42236e-05
5.20837e-01 -1.06555e-05 -2.38739e-07 -7.33405e-03 3.34029e-05
5.46879e-01 -1.03823e-05 -2.32647e-07 -7.14690e-03 3.25464e-05
5.72921e-01 -1.00979e-05 -2.26303e-07 -6.95204e-03 3.16550e-05
5.98963e-01 -9.80279e-06 -2.19716e-07 -6.74967e-03 3.07297e-05
6.25005e-01 -9.49715e-06 -2.12892e-07 -6.54003e-03 2.97716e-05
6.51046e-01 -9.18133e-06 -2.05837e-07 -6.32331e-03 2.87815e-05
6.77088e-01 -8.85568e-06 -1.98561e-07 -6.09979e-03 2.77606e-05
7.03130e-01 -8.52054e-06 -1.91071e-07 -5.86971e-03 2.67100e-05
7.29172e-01 -8.17627e-06 -1.83376e-07 -5.63331e-03 2.56308e-05
7.55214e-01 -7.82325e-06 -1.75484e-07 -5.39087e-03 2.45242e-05
7.81255e-01 -7.46185e-06 -1.67403e-07 -5.14262e-03 2.33913e-05
8.07297e-01 -7.09245e-06 -1.59142e-07 -4.88884e-03 2.22333e-05
8.33339e-01 -6.71546e-06 -1.50709e-07 -4.62978e-03 2.10515e-05
8.59381e-01 -6.33129e-06 -1.42110e-07 -4.36562e-03 1.98472e-05
8.85422e-01 -5.94033e-06 -1.33357e-07 -4.09674e-03 1.86217e-05
9.11464e-01 -5.54301e-06 -1.24461e-07 -3.82346e-03 1.73762e-05
9.37506e-01 -5.13975e-06 -1.15431e-07 -3.54605e-03 1.61121e-05
9.63548e-01 -4.73099e-06 -1.06278e-07 -3.26485e-03 1.48307e-05
9.89589e-01 -4.31716e-06 -9.70096e-08 -2.98013e-03 1.35335e-05
1.01563e+00 -3.89871e-06 -8.76376e-08 -2.69223e-03 1.22217e-05
1.04167e+00 -3.47608e-06 -7.81714e-08 -2.40142e-03 1.08969e-05
1.06771e+00 -3.04972e-06 -6.86221e-08 -2.10807e-03 9.56041e-06
1.09376e+00 -2.62010e-06 -5.89991e-08 -1.81245e-03 8.21368e-06
1.11980e+00 -2.18768e-06 -4.93127e-08 -1.51489e-03 6.85816e-06
1.14584e+00 -1.75290e-06 -3.95732e-08 -1.21569e-03 5.49529e-06
1.17188e+00 -1.31626e-06 -2.97904e-08 -9.15160e-04 4.12654e-06
1.19792e+00 -8.78196e-07 -1.99753e-08 -6.13642e-04 2.75337e-06
1.22396e+00 -4.39196e-07 -1.01368e-08 -3.11403e-04 1.37726e-06
1.25001e+00 2.76058e-10 -2.87218e-10 -8.82335e-06 -3.34882e-10
1.27605e+00 4.39754e-07 9.57338e-09 2.94094e-04 -1.37793e-06
1.30209e+00 8.78763e-07 1.94239e-08 5.96702e-04 -2.75404e-06
1.32813e+00 1.31683e-06 2.92554e-08 8.98726e-04 -4.12720e-06
1.35417e+00 1.75349e-06 3.90555e-08 1.19979e-03 -5.49595e-06
1.38021e+00 2.18827e-06 4.88156e-08 1.49961e-03 -6.85881e-06
1.40626e+00 2.62071e-06 5.85231e-08 1.79783e-03 -8.21432e-06
1.43230e+00 3.05035e-06 6.81685e-08 2.09414e-03 -9.56104e-06
1.45834e+00 3.47671e-06 7.77404e-08 2.38818e-03 -1.08975e-05
1.48438e+00 3.89936e-06 8.72297e-08 2.67969e-03 -1.22223e-05
1.51042e+00 4.31783e-06 9.66247e-08 2.96831e-03 -1.35341e-05
1.53646e+00 4.73168e-06 1.05917e-07 3.25376e-03 -1.48313e-05
1.56251e+00 5.14046e-06 1.15094e-07 3.53570e-03 -1.61126e-05
1.58855e+00 5.54373e-06 1.24149e-07 3.81384e-03 -1.73767e-05
1.61459e+00 5.94107e-06 1.33068e-07 4.08786e-03 -1.86222e-05
1.64063e+00 6.33204e-06 1.41846e-07 4.35749e-03 -1.98478e-05
1.66667e+00 6.71623e-06 1.50469e-07 4.62240e-03 -2.10520e-05
1.69271e+00 7.09324e-06 1.58930e-07 4.88232e-03 -2.22338e-05
1.71876e+00 7.46264e-06 1.67218e-07 5.13694e-03 -2.33917e-05
1.74480e+00 7.82406e-06 1.75328e-07 5.38606e-03 -2.45246e-05
1.77084e+00 8.17709e-06 1.83248e-07 5.62937e-03 -2.56312e-05
1.79688e+00 8.52137e-06 1.90971e-07 5.86661e-03 -2.67104e-05
1.82292e+00 8.85652e-06 1.98488e-07 6.09754e-03 -2.77610e-05
1.84896e+00 9.18219e-06 2.05792e-07 6.32193e-03 -2.87819e-05
1.87500e+00 9.49802e-06 2.12875e-07 6.53951e-03 -2.97719e-05
1.90105e+00 9.80369e-06 2.19726e-07 6.75000e-03 -3.07300e-05
1.92709e+00 1.00989e-05 2.26342e-07 6.95322e-03 -3.16553e-05
1.95313e+00 1.03832e-05 2.32714e-07 7.14896e-03 -3.25466e-05
1.97917e+00 1.06564e-05 2.38835e-07 7.33701e-03 -3.34031e-05
2.00521e+00 1.09183e-05 2.44697e-07 7.51708e-03 -3.42239e-05
2.03125e+00 1.11684e-05 2.50294e-07 7.68903e-03 -3.50080e-05
2.05730e+00 1.14065e-05 2.55620e-07 7.85266e-03 -3.57545e-05
2.08334e+00 1.16325e-05 2.60669e-07 8.00776e-03 -3.64629e-05
2.10938e+00 1.18460e-05 2.65435e-07 8.15415e-03 -3.71321e-05
2.13542e+00 1.20468e-05 2.69913e-07 8.29172e-03 -3.77616e-05
2.16146e+00 1.22348e-05 2.74100e-07 8.42035e-03 -3.83507e-05
2.18750e+00 1.24096e-05 2.77992e-07 8.53991e-03 -3.88987e-05
2.21354e+00 1.25712e-05 2.81582e-07 8.65019e-03 -3.94050e-05
2.23959e+00 1.27193e-05 2.84868e-07 8.75115e-03 -3.98692e-05
2.26563e+00 1.28538e-05 2.87848e-07 8.84268e-03 -4.02906e-05
2.29167e+00 1.29745e-05 2.90517e-07 8.92469e-03 -4.06690e-05
2.31771e+00 1.30813e-05 2.92864e-07 8.99679e-03 -4.10037e-05
2.34375e+00 1.31738e-05 2.94896e-07 9.05919e-03 -4.12946e-05
2.36979e+00 1.32521e-05 2.96601e-07 9.11157e-03 -4.15412e-05
2.39583e+00 1.33169e-05 2.97976e-07 9.15382e-03 -4.17434e-05
2.42188e+00 1.33674e-05 2.98983e-07 9.18476e-03 -4.19008e-05
2.44792e+00 1.34029e-05 2.99718e-07 9.20733e-03 -4.20134e-05
2.47396e+00 1.34243e-05 3.00119e-07 9.21965e-03 -4.20810e-05
2.50000e+00 1.34316e-05 3.00165e-07 9.22107e-03 -4.21036e-05
