0.00000e+00 2.76646e-05 1.62929e-07 1.00103e-02 -8.73782e-05
2.60412e-02 2.76498e-05 1.62843e-07 1.00051e-02 -8.73314e-05
5.20825e-02 2.76058e-05 1.62578e-07 9.98878e-03 -8.71911e-05
7.81237e-02 2.75323e-05 1.62134e-07 9.96151e-03 -8.69575e-05
1.04165e-01 2.74286e-05 1.61512e-07 9.92330e-03 -8.66307e-05
1.30206e-01 2.72959e-05 1.60722e-07 9.87476e-03 -8.62112e-05
1.56247e-01 2.71345e-05 1.59753e-07 9.81524e-03 -8.56993e-05
1.82289e-01 2.69435e-05 1.58603e-07 9.74458e-03 -8.50957e-05
2.08330e-01 2.67235e-05 1.57283e-07 9.66349e-03 -8.44010e-05
2.34371e-01 2.64752e-05 1.55798e-07 9.57221e-03 -8.36159e-05
2.60412e-01 2.61984e-05 1.54144e-07 9.47058e-03 -8.27412e-05
2.86454e-01 2.58936e-05 1.52323e-07 9.35874e-03 -8.17780e-05
3.12495e-01 2.55610e-05 1.50339e-07 9.23686e-03 -8.07272e-05
3.38536e-01 2.52011e-05 1.48194e-07 9.10502e-03 -7.95899e-05
3.64577e-01 2.48142e-05 1.45890e-07 8.96350e-03 -7.83674e-05
3.90619e-01 2.44006e-05 1.43432e-07 8.81246e-03 -7.70610e-05
4.16660e-01 2.39610e-05 1.40823e-07 8.65219e-03 -7.56721e-05
4.42701e-01 2.34956e-05 1.38063e-07 8.48259e-03 -7.42022e-05
4.68743e-01 2.30050e-05 1.35158e-07 8.30414e-03 -7.26528e-05
4.94784e-01 2.24898e-05 1.32111e-07 8.11693e-03 -7.10256e-05
5.20825e-01 2.19505e-05 1.28925e-07 7.92117e-03 -6.93223e-05
5.46867e-01 2.13877e-05 1.25603e-07 7.71704e-03 -6.75449e-05
5.72908e-01 2.08020e-05 1.22148e-07 7.50477e-03 -6.56951e-05
5.98949e-01 2.01940e-05 1.18564e-07 7.28457e-03 -6.37749e-05
6.24991e-01 1.95644e-05 1.14855e-07 7.05667e-03 -6.17865e-05
6.51032e-01 1.89138e-05 1.11024e-07 6.82134e-03 -5.97319e-05
6.77073e-01 1.82430e-05 1.07077e-07 6.57879e-03 -5.76133e-05
7.03115e-01 1.75526e-05 1.03016e-07 6.32929e-03 -5.54330e-05
7.29156e-01 1.68435e-05 9.88460e-08 6.07310e-03 -5.31934e-05
7.55197e-01 1.61163e-05 9.45712e-08 5.81045e-03 -5.08968e-05
7.81239e-01 1.53718e-05 9.01967e-08 5.54169e-03 -4.85457e-05
8.07280e-01 1.46109e-05 8.57263e-08 5.26702e-03 -4.61427e-05
8.33322e-01 1.38343e-05 8.11659e-08 4.98683e-03 -4.36902e-05
8.59363e-01 1.30429e-05 7.65175e-08 4.70124e-03 -4.11909e-05
8.85405e-01 1.22376e-05 7.17890e-08 4.41071e-03 -3.86476e-05
9.11446e-01 1.14191e-05 6.69841e-08 4.11550e-03 -3.60628e-05
9.37488e-01 1.05884e-05 6.21088e-08 3.81597e-03 -3.34394e-05
9.63529e-01 9.74632e-06 5.71677e-08 3.51238e-03 -3.07803e-05
9.89571e-01 8.89384e-06 5.21664e-08 3.20510e-03 -2.80881e-05
1.01561e+00 8.03183e-06 4.71100e-08 2.89444e-03 -2.53659e-05
1.04165e+00 7.16122e-06 4.20040e-08 2.58073e-03 -2.26165e-05
1.06770e+00 6.28294e-06 3.68538e-08 2.26430e-03 -1.98429e-05
1.09374e+00 5.39793e-06 3.16647e-08 1.94548e-03 -1.70480e-05
1.11978e+00 4.50713e-06 2.64423e-08 1.62461e-03 -1.42349e-05
1.14582e+00 3.61151e-06 2.11921e-08 1.30204e-03 -1.14066e-05
1.17186e+00 2.71202e-06 1.59188e-08 9.78053e-04 -8.56601e-06
1.19790e+00 1.80963e-06 1.06289e-08 6.53042e-04 -5.71626e-06
1.22395e+00 9.05291e-07 5.32733e-09 3.27311e-04 -2.86039e-06
1.24999e+00 -1.36790e-11 2.05566e-11 1.26300e-06 -1.45583e-09
1.27603e+00 -9.05339e-07 -5.29027e-09 -3.25034e-04 2.85748e-06
1.30207e+00 -1.80969e-06 -1.05949e-08 -6.50953e-04 5.71336e-06
1.32811e+00 -2.71211e-06 -1.58885e-08 -9.76188e-04 8.56312e-06
1.35415e+00 -3.61163e-06 -2.11648e-08 -1.30037e-03 1.14037e-05
1.38020e+00 -4.50729e-06 -2.64190e-08 -1.62319e-03 1.42321e-05
1.40624e+00 -5.39812e-06 -3.16449e-08 -1.94426e-03 1.70452e-05
1.43228e+00 -6.28317e-06 -3.68367e-08 -2.26325e-03 1.98401e-05
1.45832e+00 -7.16149e-06 -4.19892e-08 -2.57982e-03 2.26138e-05
1.48436e+00 -8.03216e-06 -4.70975e-08 -2.89367e-03 2.53632e-05
1.51040e+00 -8.89422e-06 -5.21555e-08 -3.20444e-03 2.80855e-05
1.53645e+00 -9.74676e-06 -5.71581e-08 -3.51179e-03 3.07777e-05
1.56249e+00 -1.05889e-05 -6.20999e-08 -3.81542e-03 3.34370e-05
1.58853e+00 -1.14196e-05 -6.69763e-08 -4.11502e-03 3.60604e-05
1.61457e+00 -1.22382e-05 -7.17818e-08 -4.41027e-03 3.86452e-05
1.64061e+00 -1.30436e-05 -7.65115e-08 -4.70086e-03 4.11887e-05
1.66666e+00 -1.38351e-05 -8.11607e-08 -4.98651e-03 4.36880e-05
1.69270e+00 -1.46117e-05 -8.57239e-08 -5.26688e-03 4.61406e-05
1.71874e+00 -1.53727e-05 -9.01969e-08 -5.54169e-03 4.85437e-05
1.74478e+00 -1.61173e-05 -9.45743e-08 -5.81064e-03 5.08949e-05
1.77082e+00 -1.68445e-05 -9.88515e-08 -6.07343e-03 5.31916e-05
1.79686e+00 -1.75537e-05 -1.03024e-07 -6.32979e-03 5.54313e-05
1.82291e+00 -1.82442e-05 -1.07087e-07 -6.57942e-03 5.76116e-05
1.84895e+00 -1.89151e-05 -1.11036e-07 -6.82206e-03 5.97303e-05
1.87499e+00 -1.95657e-05 -1.14867e-07 -7.05745e-03 6.17850e-05
1.90103e+00 -2.01954e-05 -1.18577e-07 -7.28537e-03 6.37735e-05
1.92707e+00 -2.08035e-05 -1.22161e-07 -7.50556e-03 6.56938e-05
1.95312e+00 -2.13893e-05 -1.25615e-07 -7.71776e-03 6.75437e-05
1.97916e+00 -2.19522e-05 -1.28935e-07 -7.92177e-03 6.93213e-05
2.00520e+00 -2.24915e-05 -1.32120e-07 -8.11743e-03 7.10246e-05
2.03124e+00 -2.30069e-05 -1.35164e-07 -8.30448e-03 7.26519e-05
2.05728e+00 -2.34975e-05 -1.38066e-07 -8.48275e-03 7.42014e-05
2.08333e+00 -2.39630e-05 -1.40821e-07 -8.65205e-03 7.56714e-05
2.10937e+00 -2.44029e-05 -1.43430e-07 -8.81235e-03 7.70604e-05
2.13541e+00 -2.48166e-05 -1.45887e-07 -8.96331e-03 7.83669e-05
2.16145e+00 -2.52037e-05 -1.48190e-07 -9.10477e-03 7.95894e-05
2.18749e+00 -2.55638e-05 -1.50335e-07 -9.23655e-03 8.07267e-05
2.21354e+00 -2.58966e-05 -1.52321e-07 -9.35858e-03 8.17776e-05
2.23958e+00 -2.62016e-05 -1.54144e-07 -9.47062e-03 8.27409e-05
2.26562e+00 -2.64786e-05 -1.55804e-07 -9.57259e-03 8.36156e-05
2.29166e+00 -2.67272e-05 -1.57297e-07 -9.66433e-03 8.44008e-05
2.31771e+00 -2.69475e-05 -1.58630e-07 -9.74621e-03 8.50956e-05
2.34375e+00 -2.71387e-05 -1.59795e-07 -9.81778e-03 8.56992e-05
2.36979e+00 -2.73005e-05 -1.60783e-07 -9.87852e-03 8.62111e-05
2.39583e+00 -2.74334e-05 -1.61595e-07 -9.92840e-03 8.66307e-05
2.42187e+00 -2.75373e-05 -1.62240e-07 -9.96805e-03 8.69575e-05
2.44792e+00 -2.76111e-05 -1.62709e-07 -9.99687e-03 8.71911e-05
2.47396e+00 -2.76554e-05 -1.62999e-07 -1.00147e-02 8.73314e-05
2.50000e+00 -2.76705e-05 -1.63115e-07 -1.00218e-02 8.73782e-05
