0.00000e+00 -2.30501e-05 -2.28993e-07 -1.40693e-02 7.25374e-05
2.60420e-02 -2.30376e-05 -2.28868e-07 -1.40617e-02 7.24986e-05
5.20841e-02 -2.30007e-05 -2.28499e-07 -1.40390e-02 7.23821e-05
7.81261e-02 -2.29394e-05 -2.27884e-07 -1.40012e-02 7.21881e-05
1.04168e-01 -2.28528e-05 -2.27026e-07 -1.39485e-02 7.19168e-05
1.30210e-01 -2.27419e-05 -2.25933e-07 -1.38813e-02 7.15685e-05
1.56252e-01 -2.26072e-05 -2.24593e-07 -1.37990e-02 7.11436e-05
1.82294e-01 -2.24480e-05 -2.23004e-07 -1.37013e-02 7.06425e-05
2.08336e-01 -2.22645e-05 -2.21179e-07 -1.35893e-02 7.00657e-05
2.34378e-01 -2.20574e-05 -2.19123e-07 -1.34629e-02 6.94139e-05
2.60420e-01 -2.18266e-05 -2.16832e-07 -1.33222e-02 6.86878e-05
2.86462e-01 -2.15724e-05 -2.14309e-07 -1.31672e-02 6.78881e-05
3.12504e-01 -2.12951e-05 -2.11556e-07 -1.29980e-02 6.70157e-05
3.38546e-01 -2.09950e-05 -2.08576e-07 -1.28149e-02 6.60715e-05
3.64588e-01 -2.06725e-05 -2.05372e-07 -1.26181e-02 6.50566e-05
3.90630e-01 -2.03278e-05 -2.01949e-07 -1.24077e-02 6.39721e-05
4.16672e-01 -1.99613e-05 -1.98309e-07 -1.21841e-02 6.28190e-05
4.42714e-01 -1.95735e-05 -1.94456e-07 -1.19474e-02 6.15986e-05
4.68756e-01 -1.91647e-05 -1.90395e-07 -1.16979e-02 6.03123e-05
4.94798e-01 -1.87355e-05 -1.86130e-07 -1.14358e-02 5.89615e-05
5.20840e-01 -1.82861e-05 -1.81666e-07 -1.11615e-02 5.75474e-05
5.46882e-01 -1.78172e-05 -1.77007e-07 -1.08753e-02 5.60718e-05
5.72924e-01 -1.73292e-05 -1.72159e-07 -1.05774e-02 5.45361e-05
5.98966e-01 -1.68226e-05 -1.67126e-07 -1.02682e-02 5.29420e-05
6.25008e-01 -1.62980e-05 -1.61914e-07 -9.94802e-03 5.12912e-05
6.51050e-01 -1.57560e-05 -1.56529e-07 -9.61717e-03 4.95855e-05
6.77092e-01 -1.51971e-05 -1.50977e-07 -9.27601e-03 4.78267e-05
7.03134e-01 -1.46219e-05 -1.45262e-07 -8.92492e-03 4.60166e-05
7.29175e-01 -1.40311e-05 -1.39392e-07 -8.56427e-03 4.41573e-05
7.55217e-01 -1.34252e-05 -1.33373e-07 -8.19446e-03 4.22508e-05
7.81259e-01 -1.28049e-05 -1.27212e-07 -7.81589e-03 4.02989e-05
8.07301e-01 -1.21710e-05 -1.20914e-07 -7.42894e-03 3.83040e-05
8.33343e-01 -1.15240e-05 -1.14486e-07 -7.03403e-03 3.62680e-05
8.59385e-01 -1.08647e-05 -1.07936e-07 -6.63157e-03 3.41931e-05
8.85427e-01 -1.01937e-05 -1.01270e-07 -6.22201e-03 3.20817e-05
9.11468e-01 -9.51182e-06 -9.44952e-08 -5.80578e-03 2.99359e-05
9.37510e-01 -8.81975e-06 -8.76195e-08 -5.38334e-03 2.77580e-05
9.63552e-01 -8.11824e-06 -8.06501e-08 -4.95514e-03 2.55504e-05
9.89594e-01 -7.40803e-06 -7.35945e-08 -4.52164e-03 2.33155e-05
1.01564e+00 -6.68989e-06 -6.64600e-08 -4.08330e-03 2.10556e-05
1.04168e+00 -5.96459e-06 -5.92543e-08 -3.64058e-03 1.87731e-05
1.06772e+00 -5.23290e-06 -5.19851e-08 -3.19397e-03 1.64706e-05
1.09376e+00 -4.49560e-06 -4.46603e-08 -2.74393e-03 1.41504e-05
1.11980e+00 -3.75348e-06 -3.72876e-08 -2.29095e-03 1.18150e-05
1.14584e+00 -3.00735e-06 -2.98750e-08 -1.83552e-03 9.46705e-06
1.17189e+00 -2.25799e-06 -2.24303e-08 -1.37812e-03 7.10892e-06
1.19793e+00 -1.50621e-06 -1.49617e-08 -9.19246e-04 4.74318e-06
1.22397e+00 -7.52826e-07 -7.47698e-09 -4.59386e-04 2.37236e-06
1.25001e+00 1.36944e-09 1.57024e-11 9.64757e-07 -1.00271e-09
1.27605e+00 7.55559e-07 7.50839e-09 4.61315e-04 -2.37436e-06
1.30209e+00 1.50894e-06 1.49930e-08 9.21171e-04 -4.74517e-06
1.32814e+00 2.26071e-06 2.24616e-08 1.38004e-03 -7.11090e-06
1.35418e+00 3.01005e-06 2.99062e-08 1.83744e-03 -9.46902e-06
1.38022e+00 3.75618e-06 3.73187e-08 2.29286e-03 -1.18170e-05
1.40626e+00 4.49828e-06 4.46913e-08 2.74583e-03 -1.41523e-05
1.43230e+00 5.23556e-06 5.20161e-08 3.19587e-03 -1.64725e-05
1.45834e+00 5.96724e-06 5.92851e-08 3.64248e-03 -1.87750e-05
1.48439e+00 6.69254e-06 6.64908e-08 4.08519e-03 -2.10574e-05
1.51043e+00 7.41066e-06 7.36253e-08 4.52354e-03 -2.33173e-05
1.53647e+00 8.12085e-06 8.06809e-08 4.95704e-03 -2.55522e-05
1.56251e+00 8.82235e-06 8.76502e-08 5.38523e-03 -2.77597e-05
1.58855e+00 9.51440e-06 9.45258e-08 5.80767e-03 -2.99375e-05
1.61459e+00 1.01963e-05 1.01300e-07 6.22389e-03 -3.20833e-05
1.64063e+00 1.08672e-05 1.07966e-07 6.63344e-03 -3.41947e-05
1.66668e+00 1.15265e-05 1.14516e-07 7.03589e-03 -3.62695e-05
1.69272e+00 1.21735e-05 1.20944e-07 7.43080e-03 -3.83054e-05
1.71876e+00 1.28074e-05 1.27242e-07 7.81774e-03 -4.03003e-05
1.74480e+00 1.34276e-05 1.33403e-07 8.19631e-03 -4.22521e-05
1.77084e+00 1.40335e-05 1.39422e-07 8.56611e-03 -4.41586e-05
1.79688e+00 1.46243e-05 1.45292e-07 8.92674e-03 -4.60178e-05
1.82293e+00 1.51995e-05 1.51006e-07 9.27782e-03 -4.78278e-05
1.84897e+00 1.57583e-05 1.56559e-07 9.61896e-03 -4.95866e-05
1.87501e+00 1.63003e-05 1.61943e-07 9.94980e-03 -5.12922e-05
1.90105e+00 1.68249e-05 1.67155e-07 1.02700e-02 -5.29429e-05
1.92709e+00 1.73314e-05 1.72187e-07 1.05792e-02 -5.45370e-05
1.95313e+00 1.78194e-05 1.77035e-07 1.08770e-02 -5.60726e-05
1.97917e+00 1.82883e-05 1.81694e-07 1.11633e-02 -5.75482e-05
2.00521e+00 1.87376e-05 1.86158e-07 1.14375e-02 -5.89621e-05
2.03126e+00 1.91668e-05 1.90423e-07 1.16996e-02 -6.03130e-05
2.05730e+00 1.95756e-05 1.94484e-07 1.19491e-02 -6.15992e-05
2.08334e+00 1.99633e-05 1.98337e-07 1.21858e-02 -6.28195e-05
2.10938e+00 2.03297e-05 2.01977e-07 1.24094e-02 -6.39725e-05
2.13542e+00 2.06743e-05 2.05400e-07 1.26198e-02 -6.50570e-05
2.16146e+00 2.09968e-05 2.08604e-07 1.28166e-02 -6.60719e-05
2.18750e+00 2.12968e-05 2.11584e-07 1.29997e-02 -6.70160e-05
2.21355e+00 2.15740e-05 2.14338e-07 1.31689e-02 -6.78883e-05
2.23959e+00 2.18281e-05 2.16861e-07 1.33240e-02 -6.86880e-05
2.26563e+00 2.20588e-05 2.19152e-07 1.34647e-02 -6.94141e-05
2.29167e+00 2.22659e-05 2.21209e-07 1.35911e-02 -7.00658e-05
2.31771e+00 2.24493e-05 2.23034e-07 1.37032e-02 -7.06426e-05
2.34375e+00 2.26085e-05 2.24624e-07 1.38009e-02 -7.11437e-05
2.36979e+00 2.27431e-05 2.25966e-07 1.38834e-02 -7.15686e-05
2.39583e+00 2.28538e-05 2.27061e-07 1.39506e-02 -7.19169e-05
2.42188e+00 2.29403e-05 2.27919e-07 1.40033e-02 -7.21881e-05
2.44792e+00 2.30017e-05 2.28534e-07 1.40411e-02 -7.23821e-05
2.47396e+00 2.30385e-05 2.28904e-07 1.40639e-02 -7.24986e-05
2.50000e+00 2.30510e-05 2.29029e-07 1.40716e-02 -7.25374e-05
