0.00000e+00 -1.69133e-05 -2.81252e-07 -2.76482e-01 5.31398e-05
2.60419e-02 -1.69041e-05 -2.81099e-07 -2.76331e-01 5.31114e-05
5.20839e-02 -1.68772e-05 -2.80646e-07 -2.75886e-01 5.30261e-05
7.81258e-02 -1.68324e-05 -2.79890e-07 -2.75143e-01 5.28840e-05
1.04168e-01 -1.67688e-05 -2.78836e-07 -2.74107e-01 5.26852e-05
1.30210e-01 -1.66873e-05 -2.77493e-07 -2.72787e-01 5.24301e-05
1.56252e-01 -1.65886e-05 -2.75846e-07 -2.71168e-01 5.21188e-05
1.82294e-01 -1.64720e-05 -2.73894e-07 -2.69249e-01 5.17516e-05
2.08335e-01 -1.63375e-05 -2.71653e-07 -2.67046e-01 5.13291e-05
2.34377e-01 -1.61855e-05 -2.69127e-07 -2.64562e-01 5.08516e-05
2.60419e-01 -1.60161e-05 -2.66313e-07 -2.61796e-01 5.03197e-05
2.86461e-01 -1.58296e-05 -2.63213e-07 -2.58749e-01 4.97338e-05
3.12503e-01 -1.56261e-05 -2.59831e-07 -2.55424e-01 4.90947e-05
3.38545e-01 -1.54060e-05 -2.56171e-07 -2.51826e-01 4.84031e-05
3.64587e-01 -1.51693e-05 -2.52235e-07 -2.47958e-01 4.76596e-05
3.90629e-01 -1.49164e-05 -2.48030e-07 -2.43823e-01 4.68650e-05
4.16671e-01 -1.46475e-05 -2.43559e-07 -2.39428e-01 4.60203e-05
4.42713e-01 -1.43630e-05 -2.38827e-07 -2.34776e-01 4.51263e-05
4.68755e-01 -1.40631e-05 -2.33839e-07 -2.29873e-01 4.41840e-05
4.94796e-01 -1.37481e-05 -2.28601e-07 -2.24724e-01 4.31944e-05
5.20838e-01 -1.34184e-05 -2.23118e-07 -2.19333e-01 4.21585e-05
5.46880e-01 -1.30743e-05 -2.17396e-07 -2.13709e-01 4.10774e-05
5.72922e-01 -1.27162e-05 -2.11441e-07 -2.07855e-01 3.99524e-05
5.98964e-01 -1.23445e-05 -2.05260e-07 -2.01779e-01 3.87846e-05
6.25006e-01 -1.19596e-05 -1.98859e-07 -1.95486e-01 3.75753e-05
6.51048e-01 -1.15619e-05 -1.92245e-07 -1.88984e-01 3.63257e-05
6.77089e-01 -1.11518e-05 -1.85425e-07 -1.82280e-01 3.50372e-05
7.03131e-01 -1.07297e-05 -1.78407e-07 -1.75381e-01 3.37112e-05
7.29173e-01 -1.02962e-05 -1.71197e-07 -1.68294e-01 3.23492e-05
7.55215e-01 -9.85159e-06 -1.63805e-07 -1.61026e-01 3.09524e-05
7.81257e-01 -9.39647e-06 -1.56237e-07 -1.53587e-01 2.95225e-05
8.07299e-01 -8.93128e-06 -1.48501e-07 -1.45983e-01 2.80611e-05
8.33340e-01 -8.45653e-06 -1.40607e-07 -1.38222e-01 2.65695e-05
8.59382e-01 -7.97273e-06 -1.32562e-07 -1.30314e-01 2.50495e-05
8.85424e-01 -7.48039e-06 -1.24375e-07 -1.22265e-01 2.35027e-05
9.11466e-01 -6.98004e-06 -1.16054e-07 -1.14086e-01 2.19307e-05
9.37508e-01 -6.47221e-06 -1.07610e-07 -1.05785e-01 2.03353e-05
9.63549e-01 -5.95745e-06 -9.90501e-08 -9.73702e-02 1.87180e-05
9.89591e-01 -5.43631e-06 -9.03844e-08 -8.88514e-02 1.70808e-05
1.01563e+00 -4.90934e-06 -8.16219e-08 -8.02375e-02 1.54252e-05
1.04167e+00 -4.37712e-06 -7.27719e-08 -7.15377e-02 1.37531e-05
1.06772e+00 -3.84021e-06 -6.38440e-08 -6.27612e-02 1.20663e-05
1.09376e+00 -3.29919e-06 -5.48477e-08 -5.39175e-02 1.03666e-05
1.11980e+00 -2.75463e-06 -4.57927e-08 -4.50160e-02 8.65572e-06
1.14584e+00 -2.20712e-06 -3.66886e-08 -3.60663e-02 6.93562e-06
1.17188e+00 -1.65725e-06 -2.75452e-08 -2.70780e-02 5.20809e-06
1.19792e+00 -1.10560e-06 -1.83723e-08 -1.80607e-02 3.47498e-06
1.22397e+00 -5.52769e-07 -9.17966e-09 -9.02398e-03 1.73815e-06
1.25001e+00 6.56212e-10 2.27474e-11 2.23616e-05 -5.35351e-10
1.27605e+00 5.54083e-07 9.22506e-09 9.06860e-03 -1.73922e-06
1.30209e+00 1.10692e-06 1.84175e-08 1.81051e-02 -3.47605e-06
1.32813e+00 1.65857e-06 2.75902e-08 2.71222e-02 -5.20915e-06
1.35417e+00 2.20844e-06 3.67334e-08 3.61104e-02 -6.93667e-06
1.38022e+00 2.75596e-06 4.58372e-08 4.50598e-02 -8.65676e-06
1.40626e+00 3.30052e-06 5.48920e-08 5.39610e-02 -1.03676e-05
1.43230e+00 3.84154e-06 6.38880e-08 6.28045e-02 -1.20673e-05
1.45834e+00 4.37846e-06 7.28156e-08 7.15807e-02 -1.37541e-05
1.48438e+00 4.91069e-06 8.16653e-08 8.02803e-02 -1.54262e-05
1.51042e+00 5.43765e-06 9.04276e-08 8.88940e-02 -1.70817e-05
1.53647e+00 5.95880e-06 9.90931e-08 9.74125e-02 -1.87190e-05
1.56251e+00 6.47357e-06 1.07653e-07 1.05827e-01 -2.03362e-05
1.58855e+00 6.98141e-06 1.16097e-07 1.14128e-01 -2.19316e-05
1.61459e+00 7.48176e-06 1.24417e-07 1.22307e-01 -2.35036e-05
1.64063e+00 7.97411e-06 1.32604e-07 1.30355e-01 -2.50504e-05
1.66667e+00 8.45792e-06 1.40648e-07 1.38263e-01 -2.65703e-05
1.69272e+00 8.93267e-06 1.48542e-07 1.46023e-01 -2.80618e-05
1.71876e+00 9.39785e-06 1.56277e-07 1.53627e-01 -2.95233e-05
1.74480e+00 9.85297e-06 1.63845e-07 1.61066e-01 -3.09531e-05
1.77084e+00 1.02975e-05 1.71237e-07 1.68332e-01 -3.23498e-05
1.79688e+00 1.07311e-05 1.78445e-07 1.75419e-01 -3.37119e-05
1.82292e+00 1.11531e-05 1.85463e-07 1.82318e-01 -3.50378e-05
1.84896e+00 1.15632e-05 1.92282e-07 1.89021e-01 -3.63263e-05
1.87501e+00 1.19610e-05 1.98896e-07 1.95522e-01 -3.75758e-05
1.90105e+00 1.23459e-05 2.05296e-07 2.01814e-01 -3.87851e-05
1.92709e+00 1.27176e-05 2.11476e-07 2.07889e-01 -3.99529e-05
1.95313e+00 1.30756e-05 2.17430e-07 2.13742e-01 -4.10779e-05
1.97917e+00 1.34197e-05 2.23151e-07 2.19366e-01 -4.21589e-05
2.00521e+00 1.37494e-05 2.28633e-07 2.24756e-01 -4.31947e-05
2.03125e+00 1.40644e-05 2.33871e-07 2.29905e-01 -4.41843e-05
2.05730e+00 1.43643e-05 2.38858e-07 2.34807e-01 -4.51266e-05
2.08334e+00 1.46489e-05 2.43590e-07 2.39458e-01 -4.60206e-05
2.10938e+00 1.49177e-05 2.48060e-07 2.43853e-01 -4.68653e-05
2.13542e+00 1.51706e-05 2.52264e-07 2.47986e-01 -4.76598e-05
2.16146e+00 1.54073e-05 2.56198e-07 2.51853e-01 -4.84033e-05
2.18750e+00 1.56274e-05 2.59858e-07 2.55451e-01 -4.90949e-05
2.21354e+00 1.58308e-05 2.63239e-07 2.58775e-01 -4.97340e-05
2.23959e+00 1.60173e-05 2.66338e-07 2.61821e-01 -5.03198e-05
2.26563e+00 1.61867e-05 2.69151e-07 2.64586e-01 -5.08517e-05
2.29167e+00 1.63387e-05 2.71676e-07 2.67069e-01 -5.13292e-05
2.31771e+00 1.64732e-05 2.73917e-07 2.69271e-01 -5.17517e-05
2.34375e+00 1.65898e-05 2.75868e-07 2.71189e-01 -5.21188e-05
2.36979e+00 1.66886e-05 2.77516e-07 2.72809e-01 -5.24301e-05
2.39583e+00 1.67700e-05 2.78860e-07 2.74130e-01 -5.26852e-05
2.42188e+00 1.68335e-05 2.79912e-07 2.75165e-01 -5.28840e-05
2.44792e+00 1.68784e-05 2.80667e-07 2.75907e-01 -5.30261e-05
2.47396e+00 1.69053e-05 2.81120e-07 2.76352e-01 -5.31114e-05
2.50000e+00 1.69145e-05 2.81273e-07 2.76502e-01 -5.31398e-05
