0.00000e+00 1.86628e-05 -2.66789e-07 -2.62264e-01 -5.91996e-05
2.60414e-02 1.86527e-05 -2.66644e-07 -2.62122e-01 -5.91679e-05
5.20827e-02 1.86229e-05 -2.66215e-07 -2.61700e-01 -5.90728e-05
7.81241e-02 1.85733e-05 -2.65499e-07 -2.60996e-01 -5.89145e-05
1.04165e-01 1.85031e-05 -2.64500e-07 -2.60014e-01 -5.86931e-05
1.30207e-01 1.84132e-05 -2.63226e-07 -2.58762e-01 -5.84089e-05
1.56248e-01 1.83043e-05 -2.61664e-07 -2.57227e-01 -5.80621e-05
1.82290e-01 1.81756e-05 -2.59812e-07 -2.55406e-01 -5.76531e-05
2.08331e-01 1.80271e-05 -2.57687e-07 -2.53316e-01 -5.71824e-05
2.34372e-01 1.78595e-05 -2.55290e-07 -2.50960e-01 -5.66505e-05
2.60414e-01 1.76727e-05 -2.52621e-07 -2.48336e-01 -5.60579e-05
2.86455e-01 1.74669e-05 -2.49681e-07 -2.45446e-01 -5.54053e-05
3.12497e-01 1.72425e-05 -2.46472e-07 -2.42292e-01 -5.46934e-05
3.38538e-01 1.69996e-05 -2.43000e-07 -2.38879e-01 -5.39229e-05
3.64579e-01 1.67385e-05 -2.39267e-07 -2.35209e-01 -5.30946e-05
3.90621e-01 1.64595e-05 -2.35278e-07 -2.31288e-01 -5.22095e-05
4.16662e-01 1.61628e-05 -2.31037e-07 -2.27119e-01 -5.12685e-05
4.42704e-01 1.58488e-05 -2.26549e-07 -2.22707e-01 -5.02726e-05
4.68745e-01 1.55179e-05 -2.21818e-07 -2.18056e-01 -4.92229e-05
4.94786e-01 1.51703e-05 -2.16849e-07 -2.13171e-01 -4.81204e-05
5.20828e-01 1.48065e-05 -2.11649e-07 -2.08059e-01 -4.69664e-05
5.46869e-01 1.44268e-05 -2.06221e-07 -2.02724e-01 -4.57622e-05
5.72911e-01 1.40316e-05 -2.00573e-07 -1.97172e-01 -4.45089e-05
5.98952e-01 1.36215e-05 -1.94710e-07 -1.91408e-01 -4.32080e-05
6.24994e-01 1.31968e-05 -1.88639e-07 -1.85440e-01 -4.18608e-05
6.51035e-01 1.27579e-05 -1.82366e-07 -1.79273e-01 -4.04687e-05
6.77077e-01 1.23054e-05 -1.75897e-07 -1.72914e-01 -3.90334e-05
7.03118e-01 1.18397e-05 -1.69240e-07 -1.66369e-01 -3.75562e-05
7.29160e-01 1.13613e-05 -1.62401e-07 -1.59647e-01 -3.60388e-05
7.55201e-01 1.08708e-05 -1.55389e-07 -1.52754e-01 -3.44829e-05
7.81243e-01 1.03686e-05 -1.48211e-07 -1.45697e-01 -3.28900e-05
8.07284e-01 9.85530e-06 -1.40873e-07 -1.38484e-01 -3.12619e-05
8.33326e-01 9.33147e-06 -1.33385e-07 -1.31123e-01 -2.96003e-05
8.59367e-01 8.79763e-06 -1.25754e-07 -1.23621e-01 -2.79070e-05
8.85409e-01 8.25437e-06 -1.17988e-07 -1.15987e-01 -2.61838e-05
9.11450e-01 7.70227e-06 -1.10096e-07 -1.08229e-01 -2.44326e-05
9.37492e-01 7.14193e-06 -1.02086e-07 -1.00355e-01 -2.26553e-05
9.63533e-01 6.57393e-06 -9.39666e-08 -9.23730e-02 -2.08536e-05
9.89575e-01 5.99889e-06 -8.57467e-08 -8.42925e-02 -1.90297e-05
1.01562e+00 5.41743e-06 -7.74350e-08 -7.61217e-02 -1.71854e-05
1.04166e+00 4.83017e-06 -6.90403e-08 -6.78694e-02 -1.53226e-05
1.06770e+00 4.23774e-06 -6.05716e-08 -5.95443e-02 -1.34435e-05
1.09374e+00 3.64077e-06 -5.20380e-08 -5.11555e-02 -1.15499e-05
1.11978e+00 3.03990e-06 -4.34487e-08 -4.27118e-02 -9.64400e-06
1.14582e+00 2.43577e-06 -3.48127e-08 -3.42223e-02 -7.72776e-06
1.17187e+00 1.82904e-06 -2.61395e-08 -2.56962e-02 -5.80325e-06
1.19791e+00 1.22035e-06 -1.74383e-08 -1.71425e-02 -3.87251e-06
1.22395e+00 6.10353e-07 -8.71828e-09 -8.57042e-03 -1.93763e-06
1.24999e+00 -3.00103e-10 1.10307e-11 1.08436e-05 -6.78920e-10
1.27603e+00 -6.10961e-07 8.74028e-09 8.59205e-03 1.93628e-06
1.30207e+00 -1.22097e-06 1.74602e-08 1.71640e-02 3.87116e-06
1.32812e+00 -1.82967e-06 2.61614e-08 2.57177e-02 5.80190e-06
1.35416e+00 -2.43641e-06 3.48347e-08 3.42439e-02 7.72643e-06
1.38020e+00 -3.04055e-06 4.34707e-08 4.27334e-02 9.64268e-06
1.40624e+00 -3.64143e-06 5.20601e-08 5.11771e-02 1.15486e-05
1.43228e+00 -4.23841e-06 6.05938e-08 5.95661e-02 1.34422e-05
1.45832e+00 -4.83085e-06 6.90627e-08 6.78914e-02 1.53213e-05
1.48437e+00 -5.41812e-06 7.74576e-08 7.61439e-02 1.71841e-05
1.51041e+00 -5.99959e-06 8.57697e-08 8.43150e-02 1.90285e-05
1.53645e+00 -6.57464e-06 9.39899e-08 9.23959e-02 2.08525e-05
1.56249e+00 -7.14264e-06 1.02110e-07 1.00378e-01 2.26541e-05
1.58853e+00 -7.70300e-06 1.10120e-07 1.08252e-01 2.44315e-05
1.61458e+00 -8.25512e-06 1.18013e-07 1.16011e-01 2.61828e-05
1.64062e+00 -8.79839e-06 1.25779e-07 1.23646e-01 2.79060e-05
1.66666e+00 -9.33224e-06 1.33410e-07 1.31148e-01 2.95993e-05
1.69270e+00 -9.85610e-06 1.40899e-07 1.38509e-01 3.12609e-05
1.71874e+00 -1.03694e-05 1.48236e-07 1.45722e-01 3.28891e-05
1.74478e+00 -1.08716e-05 1.55415e-07 1.52779e-01 3.44820e-05
1.77083e+00 -1.13622e-05 1.62428e-07 1.59673e-01 3.60380e-05
1.79687e+00 -1.18406e-05 1.69266e-07 1.66395e-01 3.75554e-05
1.82291e+00 -1.23063e-05 1.75923e-07 1.72940e-01 3.90326e-05
1.84895e+00 -1.27588e-05 1.82392e-07 1.79299e-01 4.04680e-05
1.87499e+00 -1.31977e-05 1.88666e-07 1.85466e-01 4.18601e-05
1.90104e+00 -1.36225e-05 1.94737e-07 1.91434e-01 4.32073e-05
1.92708e+00 -1.40327e-05 2.00600e-07 1.97198e-01 4.45083e-05
1.95312e+00 -1.44278e-05 2.06248e-07 2.02750e-01 4.57616e-05
1.97916e+00 -1.48075e-05 2.11675e-07 2.08085e-01 4.69659e-05
2.00520e+00 -1.51714e-05 2.16875e-07 2.13197e-01 4.81200e-05
2.03125e+00 -1.55190e-05 2.21843e-07 2.18081e-01 4.92224e-05
2.05729e+00 -1.58500e-05 2.26574e-07 2.22732e-01 5.02722e-05
2.08333e+00 -1.61640e-05 2.31062e-07 2.27143e-01 5.12682e-05
2.10937e+00 -1.64608e-05 2.35302e-07 2.31312e-01 5.22092e-05
2.13541e+00 -1.67398e-05 2.39290e-07 2.35232e-01 5.30944e-05
2.16145e+00 -1.70010e-05 2.43022e-07 2.38900e-01 5.39226e-05
2.18750e+00 -1.72440e-05 2.46493e-07 2.42312e-01 5.46932e-05
2.21354e+00 -1.74685e-05 2.49700e-07 2.45465e-01 5.54052e-05
2.23958e+00 -1.76743e-05 2.52639e-07 2.48354e-01 5.60578e-05
2.26562e+00 -1.78613e-05 2.55307e-07 2.50977e-01 5.66504e-05
2.29166e+00 -1.80290e-05 2.57702e-07 2.53332e-01 5.71824e-05
2.31771e+00 -1.81775e-05 2.59827e-07 2.55420e-01 5.76531e-05
2.34375e+00 -1.83063e-05 2.61678e-07 2.57240e-01 5.80620e-05
2.36979e+00 -1.84153e-05 2.63240e-07 2.58776e-01 5.84089e-05
2.39583e+00 -1.85052e-05 2.64515e-07 2.60028e-01 5.86931e-05
2.42187e+00 -1.85754e-05 2.65512e-07 2.61009e-01 5.89145e-05
2.44792e+00 -1.86251e-05 2.66226e-07 2.61711e-01 5.90728e-05
2.47396e+00 -1.86550e-05 2.66655e-07 2.62132e-01 5.91679e-05
2.50000e+00 -1.86652e-05 2.66800e-07 2.62275e-01 5.91996e-05
