0.00000e+00 -2.02350e-05 2.53952e-07 4.99291e-01 6.41451e-05
2.60420e-02 -2.02240e-05 2.53814e-07 4.99019e-01 6.41108e-05
5.20840e-02 -2.01916e-05 2.53406e-07 4.98216e-01 6.40078e-05
7.81260e-02 -2.01377e-05 2.52724e-07 4.96876e-01 6.38362e-05
1.04168e-01 -2.00616e-05 2.51773e-07 4.95006e-01 6.35963e-05
1.30210e-01 -1.99643e-05 2.50560e-07 4.92622e-01 6.32883e-05
1.56252e-01 -1.98462e-05 2.49073e-07 4.89698e-01 6.29125e-05
1.82294e-01 -1.97065e-05 2.47310e-07 4.86232e-01 6.24694e-05
2.08336e-01 -1.95455e-05 2.45286e-07 4.82252e-01 6.19594e-05
2.34378e-01 -1.93637e-05 2.43005e-07 4.77767e-01 6.13830e-05
2.60420e-01 -1.91612e-05 2.40464e-07 4.72771e-01 6.07409e-05
2.86462e-01 -1.89381e-05 2.37665e-07 4.67268e-01 6.00337e-05
3.12504e-01 -1.86948e-05 2.34610e-07 4.61263e-01 5.92622e-05
3.38546e-01 -1.84314e-05 2.31305e-07 4.54763e-01 5.84273e-05
3.64588e-01 -1.81483e-05 2.27751e-07 4.47777e-01 5.75298e-05
3.90630e-01 -1.78457e-05 2.23954e-07 4.40311e-01 5.65708e-05
4.16672e-01 -1.75241e-05 2.19916e-07 4.32373e-01 5.55511e-05
4.42713e-01 -1.71836e-05 2.15644e-07 4.23973e-01 5.44719e-05
4.68755e-01 -1.68248e-05 2.11140e-07 4.15119e-01 5.33345e-05
4.94797e-01 -1.64479e-05 2.06411e-07 4.05820e-01 5.21399e-05
5.20839e-01 -1.60534e-05 2.01460e-07 3.96086e-01 5.08894e-05
5.46881e-01 -1.56418e-05 1.96294e-07 3.85929e-01 4.95845e-05
5.72923e-01 -1.52133e-05 1.90917e-07 3.75358e-01 4.82265e-05
5.98965e-01 -1.47686e-05 1.85336e-07 3.64386e-01 4.68168e-05
6.25007e-01 -1.43081e-05 1.79557e-07 3.53023e-01 4.53570e-05
6.51049e-01 -1.38323e-05 1.73585e-07 3.41281e-01 4.38487e-05
6.77091e-01 -1.33416e-05 1.67427e-07 3.29174e-01 4.22934e-05
7.03133e-01 -1.28367e-05 1.61090e-07 3.16715e-01 4.06927e-05
7.29174e-01 -1.23180e-05 1.54580e-07 3.03916e-01 3.90486e-05
7.55216e-01 -1.17861e-05 1.47905e-07 2.90793e-01 3.73626e-05
7.81258e-01 -1.12416e-05 1.41071e-07 2.77358e-01 3.56366e-05
8.07300e-01 -1.06851e-05 1.34087e-07 2.63626e-01 3.38724e-05
8.33342e-01 -1.01171e-05 1.26959e-07 2.49611e-01 3.20720e-05
8.59384e-01 -9.53829e-06 1.19695e-07 2.35329e-01 3.02372e-05
8.85425e-01 -8.94926e-06 1.12302e-07 2.20795e-01 2.83700e-05
9.11467e-01 -8.35064e-06 1.04789e-07 2.06024e-01 2.64725e-05
9.37509e-01 -7.74308e-06 9.71643e-08 1.91033e-01 2.45466e-05
9.63551e-01 -7.12723e-06 8.94354e-08 1.75837e-01 2.25944e-05
9.89593e-01 -6.50375e-06 8.16107e-08 1.60453e-01 2.06181e-05
1.01563e+00 -5.87331e-06 7.36987e-08 1.44898e-01 1.86196e-05
1.04168e+00 -5.23657e-06 6.57078e-08 1.29187e-01 1.66012e-05
1.06772e+00 -4.59423e-06 5.76464e-08 1.13337e-01 1.45651e-05
1.09376e+00 -3.94697e-06 4.95232e-08 9.73665e-02 1.25133e-05
1.11980e+00 -3.29548e-06 4.13470e-08 8.12914e-02 1.04482e-05
1.14584e+00 -2.64046e-06 3.31264e-08 6.51292e-02 8.37183e-06
1.17188e+00 -1.98262e-06 2.48704e-08 4.88973e-02 6.28653e-06
1.19793e+00 -1.32265e-06 1.65878e-08 3.26129e-02 4.19450e-06
1.22397e+00 -6.61267e-07 8.28736e-09 1.62936e-02 2.09797e-06
1.25001e+00 8.24432e-10 -2.19348e-11 -4.31255e-05 -7.96221e-10
1.27605e+00 6.62921e-07 -8.33109e-09 -1.63796e-02 -2.09956e-06
1.30209e+00 1.32431e-06 -1.66313e-08 -3.26985e-02 -4.19608e-06
1.32813e+00 1.98428e-06 -2.49137e-08 -4.89824e-02 -6.28811e-06
1.35418e+00 2.64212e-06 -3.31695e-08 -6.52139e-02 -8.37340e-06
1.38022e+00 3.29714e-06 -4.13898e-08 -8.13756e-02 -1.04497e-05
1.40626e+00 3.94863e-06 -4.95657e-08 -9.74501e-02 -1.25149e-05
1.43230e+00 4.59589e-06 -5.76885e-08 -1.13420e-01 -1.45666e-05
1.45834e+00 5.23823e-06 -6.57496e-08 -1.29269e-01 -1.66027e-05
1.48438e+00 5.87496e-06 -7.37404e-08 -1.44979e-01 -1.86211e-05
1.51043e+00 6.50540e-06 -8.16522e-08 -1.60535e-01 -2.06195e-05
1.53647e+00 7.12887e-06 -8.94766e-08 -1.75918e-01 -2.25958e-05
1.56251e+00 7.74472e-06 -9.72052e-08 -1.91113e-01 -2.45479e-05
1.58855e+00 8.35227e-06 -1.04830e-07 -2.06104e-01 -2.64738e-05
1.61459e+00 8.95088e-06 -1.12342e-07 -2.20874e-01 -2.83713e-05
1.64063e+00 9.53990e-06 -1.19735e-07 -2.35408e-01 -3.02384e-05
1.66668e+00 1.01187e-05 -1.26999e-07 -2.49689e-01 -3.20732e-05
1.69272e+00 1.06867e-05 -1.34126e-07 -2.63703e-01 -3.38735e-05
1.71876e+00 1.12432e-05 -1.41110e-07 -2.77434e-01 -3.56377e-05
1.74480e+00 1.17877e-05 -1.47943e-07 -2.90868e-01 -3.73636e-05
1.77084e+00 1.23196e-05 -1.54618e-07 -3.03991e-01 -3.90496e-05
1.79688e+00 1.28383e-05 -1.61127e-07 -3.16789e-01 -4.06937e-05
1.82292e+00 1.33432e-05 -1.67464e-07 -3.29247e-01 -4.22943e-05
1.84897e+00 1.38338e-05 -1.73621e-07 -3.41352e-01 -4.38495e-05
1.87501e+00 1.43097e-05 -1.79592e-07 -3.53092e-01 -4.53578e-05
1.90105e+00 1.47702e-05 -1.85371e-07 -3.64454e-01 -4.68176e-05
1.92709e+00 1.52149e-05 -1.90951e-07 -3.75426e-01 -4.82272e-05
1.95313e+00 1.56433e-05 -1.96327e-07 -3.85995e-01 -4.95852e-05
1.97917e+00 1.60550e-05 -2.01493e-07 -3.96151e-01 -5.08900e-05
2.00521e+00 1.64495e-05 -2.06443e-07 -4.05883e-01 -5.21404e-05
2.03126e+00 1.68264e-05 -2.11172e-07 -4.15181e-01 -5.33350e-05
2.05730e+00 1.71852e-05 -2.15675e-07 -4.24035e-01 -5.44724e-05
2.08334e+00 1.75257e-05 -2.19947e-07 -4.32433e-01 -5.55515e-05
2.10938e+00 1.78474e-05 -2.23983e-07 -4.40369e-01 -5.65711e-05
2.13542e+00 1.81500e-05 -2.27779e-07 -4.47832e-01 -5.75302e-05
2.16146e+00 1.84331e-05 -2.31331e-07 -4.54815e-01 -5.84276e-05
2.18750e+00 1.86965e-05 -2.34635e-07 -4.61312e-01 -5.92625e-05
2.21355e+00 1.89399e-05 -2.37688e-07 -4.67314e-01 -6.00339e-05
2.23959e+00 1.91631e-05 -2.40486e-07 -4.72815e-01 -6.07410e-05
2.26563e+00 1.93657e-05 -2.43026e-07 -4.77808e-01 -6.13831e-05
2.29167e+00 1.95475e-05 -2.45306e-07 -4.82292e-01 -6.19595e-05
2.31771e+00 1.97086e-05 -2.47329e-07 -4.86269e-01 -6.24695e-05
2.34375e+00 1.98483e-05 -2.49091e-07 -4.89733e-01 -6.29126e-05
2.36979e+00 1.99665e-05 -2.50579e-07 -4.92658e-01 -6.32884e-05
2.39583e+00 2.00639e-05 -2.51792e-07 -4.95043e-01 -6.35963e-05
2.42188e+00 2.01399e-05 -2.52742e-07 -4.96911e-01 -6.38362e-05
2.44792e+00 2.01939e-05 -2.53422e-07 -4.98248e-01 -6.40078e-05
2.47396e+00 2.02263e-05 -2.53830e-07 -4.99050e-01 -6.41108e-05
2.50000e+00 2.02374e-05 -2.53968e-07 -4.99322e-01 -6.41451e-05
