0.00000e+00 2.44384e-05 -2.09497e-07 -4.11887e-01 -7.73824e-05
2.60413e-02 2.44251e-05 -2.09383e-07 -4.11663e-01 -7.73410e-05
5.20826e-02 2.43860e-05 -2.09047e-07 -4.11002e-01 -7.72167e-05
7.81238e-02 2.43208e-05 -2.08485e-07 -4.09898e-01 -7.70098e-05
1.04165e-01 2.42290e-05 -2.07701e-07 -4.08356e-01 -7.67204e-05
1.30206e-01 2.41115e-05 -2.06701e-07 -4.06391e-01 -7.63489e-05
1.56248e-01 2.39687e-05 -2.05475e-07 -4.03981e-01 -7.58956e-05
1.82289e-01 2.37999e-05 -2.04021e-07 -4.01121e-01 -7.53610e-05
2.08330e-01 2.36054e-05 -2.02351e-07 -3.97839e-01 -7.47457e-05
2.34372e-01 2.33858e-05 -2.00470e-07 -3.94139e-01 -7.40504e-05
2.60413e-01 2.31412e-05 -1.98374e-07 -3.90019e-01 -7.32759e-05
2.86454e-01 2.28718e-05 -1.96065e-07 -3.85480e-01 -7.24228e-05
3.12495e-01 2.25779e-05 -1.93546e-07 -3.80527e-01 -7.14922e-05
3.38537e-01 2.22598e-05 -1.90820e-07 -3.75167e-01 -7.04850e-05
3.64578e-01 2.19179e-05 -1.87889e-07 -3.69404e-01 -6.94024e-05
3.90619e-01 2.15525e-05 -1.84757e-07 -3.63246e-01 -6.82454e-05
4.16661e-01 2.11640e-05 -1.81426e-07 -3.56699e-01 -6.70154e-05
4.42702e-01 2.07529e-05 -1.77902e-07 -3.49770e-01 -6.57136e-05
4.68743e-01 2.03195e-05 -1.74188e-07 -3.42467e-01 -6.43415e-05
4.94785e-01 1.98643e-05 -1.70286e-07 -3.34796e-01 -6.29004e-05
5.20826e-01 1.93879e-05 -1.66203e-07 -3.26768e-01 -6.13920e-05
5.46868e-01 1.88907e-05 -1.61941e-07 -3.18390e-01 -5.98179e-05
5.72909e-01 1.83733e-05 -1.57507e-07 -3.09670e-01 -5.81797e-05
5.98950e-01 1.78362e-05 -1.52903e-07 -3.00620e-01 -5.64792e-05
6.24992e-01 1.72801e-05 -1.48136e-07 -2.91247e-01 -5.47182e-05
6.51033e-01 1.67054e-05 -1.43210e-07 -2.81562e-01 -5.28986e-05
6.77074e-01 1.61128e-05 -1.38131e-07 -2.71576e-01 -5.10224e-05
7.03116e-01 1.55030e-05 -1.32903e-07 -2.61299e-01 -4.90916e-05
7.29157e-01 1.48766e-05 -1.27534e-07 -2.50742e-01 -4.71082e-05
7.55199e-01 1.42342e-05 -1.22028e-07 -2.39916e-01 -4.50743e-05
7.81240e-01 1.35766e-05 -1.16391e-07 -2.28834e-01 -4.29922e-05
8.07282e-01 1.29045e-05 -1.10630e-07 -2.17507e-01 -4.08640e-05
8.33323e-01 1.22185e-05 -1.04750e-07 -2.05946e-01 -3.86921e-05
8.59365e-01 1.15195e-05 -9.87575e-08 -1.94165e-01 -3.64787e-05
8.85406e-01 1.08081e-05 -9.26594e-08 -1.82176e-01 -3.42263e-05
9.11448e-01 1.00852e-05 -8.64620e-08 -1.69991e-01 -3.19372e-05
9.37489e-01 9.35142e-06 -8.01721e-08 -1.57625e-01 -2.96140e-05
9.63531e-01 8.60766e-06 -7.37963e-08 -1.45089e-01 -2.72590e-05
9.89572e-01 7.85468e-06 -6.73416e-08 -1.32399e-01 -2.48748e-05
1.01561e+00 7.09330e-06 -6.08147e-08 -1.19567e-01 -2.24640e-05
1.04166e+00 6.32431e-06 -5.42227e-08 -1.06606e-01 -2.00291e-05
1.06770e+00 5.54855e-06 -4.75725e-08 -9.35314e-02 -1.75728e-05
1.09374e+00 4.76685e-06 -4.08714e-08 -8.03564e-02 -1.50977e-05
1.11978e+00 3.98004e-06 -3.41265e-08 -6.70953e-02 -1.26064e-05
1.14582e+00 3.18897e-06 -2.73450e-08 -5.37624e-02 -1.01016e-05
1.17186e+00 2.39449e-06 -2.05341e-08 -4.03718e-02 -7.58595e-06
1.19790e+00 1.59744e-06 -1.37013e-08 -2.69379e-02 -5.06220e-06
1.22395e+00 7.98677e-07 -6.85376e-09 -1.34750e-02 -2.53304e-06
1.24999e+00 -9.42260e-10 1.10708e-12 2.17660e-06 -1.15541e-09
1.27603e+00 -8.00558e-07 6.85596e-09 1.34794e-02 2.53073e-06
1.30207e+00 -1.59932e-06 1.37034e-08 2.69421e-02 5.05990e-06
1.32811e+00 -2.39637e-06 2.05363e-08 4.03760e-02 7.58366e-06
1.35415e+00 -3.19086e-06 2.73472e-08 5.37667e-02 1.00993e-05
1.38020e+00 -3.98192e-06 3.41288e-08 6.70999e-02 1.26041e-05
1.40624e+00 -4.76873e-06 4.08738e-08 8.03612e-02 1.50954e-05
1.43228e+00 -5.55043e-06 4.75751e-08 9.35365e-02 1.75706e-05
1.45832e+00 -6.32619e-06 5.42255e-08 1.06612e-01 2.00270e-05
1.48436e+00 -7.09518e-06 6.08179e-08 1.19573e-01 2.24619e-05
1.51041e+00 -7.85658e-06 6.73452e-08 1.32406e-01 2.48727e-05
1.53645e+00 -8.60956e-06 7.38004e-08 1.45097e-01 2.72569e-05
1.56249e+00 -9.35332e-06 8.01766e-08 1.57634e-01 2.96120e-05
1.58853e+00 -1.00871e-05 8.64671e-08 1.70001e-01 3.19353e-05
1.61457e+00 -1.08100e-05 9.26651e-08 1.82187e-01 3.42244e-05
1.64061e+00 -1.15214e-05 9.87639e-08 1.94178e-01 3.64769e-05
1.66666e+00 -1.22204e-05 1.04757e-07 2.05960e-01 3.86903e-05
1.69270e+00 -1.29064e-05 1.10638e-07 2.17522e-01 4.08623e-05
1.71874e+00 -1.35785e-05 1.16400e-07 2.28851e-01 4.29906e-05
1.74478e+00 -1.42361e-05 1.22037e-07 2.39935e-01 4.50728e-05
1.77082e+00 -1.48784e-05 1.27544e-07 2.50762e-01 4.71067e-05
1.79687e+00 -1.55048e-05 1.32915e-07 2.61321e-01 4.90902e-05
1.82291e+00 -1.61146e-05 1.38143e-07 2.71600e-01 5.10211e-05
1.84895e+00 -1.67072e-05 1.43223e-07 2.81588e-01 5.28974e-05
1.87499e+00 -1.72819e-05 1.48150e-07 2.91275e-01 5.47170e-05
1.90103e+00 -1.78380e-05 1.52918e-07 3.00649e-01 5.64781e-05
1.92708e+00 -1.83751e-05 1.57522e-07 3.09701e-01 5.81787e-05
1.95312e+00 -1.88925e-05 1.61958e-07 3.18422e-01 5.98169e-05
1.97916e+00 -1.93896e-05 1.66220e-07 3.26802e-01 6.13912e-05
2.00520e+00 -1.98660e-05 1.70304e-07 3.34832e-01 6.28996e-05
2.03124e+00 -2.03212e-05 1.74207e-07 3.42504e-01 6.43408e-05
2.05729e+00 -2.07545e-05 1.77922e-07 3.49810e-01 6.57130e-05
2.08333e+00 -2.11657e-05 1.81447e-07 3.56740e-01 6.70148e-05
2.10937e+00 -2.15541e-05 1.84778e-07 3.63289e-01 6.82449e-05
2.13541e+00 -2.19194e-05 1.87911e-07 3.69448e-01 6.94019e-05
2.16145e+00 -2.22613e-05 1.90842e-07 3.75211e-01 7.04846e-05
2.18750e+00 -2.25794e-05 1.93569e-07 3.80573e-01 7.14919e-05
2.21354e+00 -2.28732e-05 1.96089e-07 3.85527e-01 7.24225e-05
2.23958e+00 -2.31426e-05 1.98399e-07 3.90068e-01 7.32756e-05
2.26562e+00 -2.33871e-05 2.00496e-07 3.94190e-01 7.40503e-05
2.29166e+00 -2.36066e-05 2.02378e-07 3.97892e-01 7.47456e-05
2.31771e+00 -2.38010e-05 2.04049e-07 4.01177e-01 7.53609e-05
2.34375e+00 -2.39698e-05 2.05505e-07 4.04039e-01 7.58955e-05
2.36979e+00 -2.41125e-05 2.06734e-07 4.06455e-01 7.63488e-05
2.39583e+00 -2.42298e-05 2.07736e-07 4.08425e-01 7.67204e-05
2.42187e+00 -2.43215e-05 2.08521e-07 4.09969e-01 7.70098e-05
2.44792e+00 -2.43866e-05 2.09084e-07 4.11075e-01 7.72167e-05
2.47396e+00 -2.44257e-05 2.09422e-07 4.11740e-01 7.73410e-05
2.50000e+00 -2.44389e-05 2.09537e-07 4.11967e-01 7.73824e-05
