0.00000e+00 -7.10207e-05 7.31414e-07 1.37140e-06 6.88356e-05
2.60428e-02 -7.09825e-05 7.31024e-07 1.37067e-06 6.87987e-05
5.20856e-02 -7.08683e-05 7.29853e-07 1.36847e-06 6.86882e-05
7.81284e-02 -7.06786e-05 7.27893e-07 1.36480e-06 6.85041e-05
1.04171e-01 -7.04131e-05 7.25151e-07 1.35966e-06 6.82466e-05
1.30214e-01 -7.00720e-05 7.21641e-07 1.35308e-06 6.79161e-05
1.56257e-01 -6.96559e-05 7.17358e-07 1.34505e-06 6.75128e-05
1.82299e-01 -6.91652e-05 7.12305e-07 1.33557e-06 6.70372e-05
2.08342e-01 -6.86005e-05 7.06489e-07 1.32467e-06 6.64899e-05
2.34385e-01 -6.79623e-05 6.99916e-07 1.31234e-06 6.58713e-05
2.60428e-01 -6.72513e-05 6.92593e-07 1.29861e-06 6.51822e-05
2.86470e-01 -6.64683e-05 6.84528e-07 1.28349e-06 6.44233e-05
3.12513e-01 -6.56141e-05 6.75730e-07 1.26699e-06 6.35954e-05
3.38556e-01 -6.46897e-05 6.66209e-07 1.24914e-06 6.26993e-05
3.64598e-01 -6.36960e-05 6.55973e-07 1.22995e-06 6.17362e-05
3.90641e-01 -6.26341e-05 6.45036e-07 1.20944e-06 6.07069e-05
4.16684e-01 -6.15051e-05 6.33407e-07 1.18764e-06 5.96126e-05
4.42726e-01 -6.03102e-05 6.21101e-07 1.16456e-06 5.84545e-05
4.68769e-01 -5.90507e-05 6.08129e-07 1.14024e-06 5.72338e-05
4.94812e-01 -5.77280e-05 5.94506e-07 1.11470e-06 5.59518e-05
5.20854e-01 -5.63435e-05 5.80246e-07 1.08796e-06 5.46098e-05
5.46897e-01 -5.48986e-05 5.65365e-07 1.06006e-06 5.32094e-05
5.72939e-01 -5.33949e-05 5.49878e-07 1.03102e-06 5.17520e-05
5.98982e-01 -5.18341e-05 5.33803e-07 1.00088e-06 5.02392e-05
6.25024e-01 -5.02178e-05 5.17156e-07 9.69667e-07 4.86726e-05
6.51067e-01 -4.85477e-05 4.99955e-07 9.37415e-07 4.70539e-05
6.77109e-01 -4.68256e-05 4.82218e-07 9.04159e-07 4.53848e-05
7.03151e-01 -4.50534e-05 4.63965e-07 8.69935e-07 4.36670e-05
7.29194e-01 -4.32329e-05 4.45216e-07 8.34779e-07 4.19026e-05
7.55236e-01 -4.13661e-05 4.25989e-07 7.98730e-07 4.00932e-05
7.81278e-01 -3.94551e-05 4.06307e-07 7.61825e-07 3.82409e-05
8.07321e-01 -3.75018e-05 3.86189e-07 7.24104e-07 3.63477e-05
8.33363e-01 -3.55083e-05 3.65658e-07 6.85608e-07 3.44156e-05
8.59405e-01 -3.34768e-05 3.44735e-07 6.46378e-07 3.24465e-05
8.85447e-01 -3.14095e-05 3.23443e-07 6.06456e-07 3.04428e-05
9.11490e-01 -2.93085e-05 3.01805e-07 5.65884e-07 2.84064e-05
9.37532e-01 -2.71762e-05 2.79844e-07 5.24707e-07 2.63397e-05
9.63574e-01 -2.50147e-05 2.57583e-07 4.82967e-07 2.42447e-05
9.89616e-01 -2.28265e-05 2.35046e-07 4.40711e-07 2.21238e-05
1.01566e+00 -2.06138e-05 2.12257e-07 3.97983e-07 1.99792e-05
1.04170e+00 -1.83791e-05 1.89242e-07 3.54828e-07 1.78132e-05
1.06774e+00 -1.61247e-05 1.66023e-07 3.11294e-07 1.56281e-05
1.09378e+00 -1.38530e-05 1.42627e-07 2.67426e-07 1.34263e-05
1.11983e+00 -1.15665e-05 1.19079e-07 2.23273e-07 1.12101e-05
1.14587e+00 -9.26759e-06 9.54026e-08 1.78880e-07 8.98191e-06
1.17191e+00 -6.95879e-06 7.16243e-08 1.34296e-07 6.74410e-06
1.19795e+00 -4.64253e-06 4.77694e-08 8.95677e-08 4.49908e-06
1.22399e+00 -2.32132e-06 2.38634e-08 4.47439e-08 2.24925e-06
1.25003e+00 2.38016e-09 -6.81465e-11 -1.27775e-10 -2.99208e-09
1.27608e+00 2.32608e-06 -2.39995e-08 -4.49990e-08 -2.25523e-06
1.30212e+00 4.64728e-06 -4.79050e-08 -8.98219e-08 -4.50504e-06
1.32816e+00 6.96350e-06 -7.17593e-08 -1.34549e-07 -6.75003e-06
1.35420e+00 9.27226e-06 -9.55366e-08 -1.79131e-07 -8.98779e-06
1.38024e+00 1.15711e-05 -1.19212e-07 -2.23522e-07 -1.12159e-05
1.40628e+00 1.38575e-05 -1.42759e-07 -2.67673e-07 -1.34320e-05
1.43233e+00 1.61291e-05 -1.66153e-07 -3.11537e-07 -1.56338e-05
1.45837e+00 1.83834e-05 -1.89370e-07 -3.55068e-07 -1.78188e-05
1.48441e+00 2.06180e-05 -2.12383e-07 -3.98218e-07 -1.99847e-05
1.51045e+00 2.28306e-05 -2.35169e-07 -4.40942e-07 -2.21292e-05
1.53649e+00 2.50187e-05 -2.57703e-07 -4.83194e-07 -2.42500e-05
1.56253e+00 2.71799e-05 -2.79961e-07 -5.24928e-07 -2.63448e-05
1.58857e+00 2.93121e-05 -3.01920e-07 -5.66100e-07 -2.84114e-05
1.61461e+00 3.14129e-05 -3.23555e-07 -6.06665e-07 -3.04476e-05
1.64066e+00 3.34801e-05 -3.44843e-07 -6.46581e-07 -3.24512e-05
1.66670e+00 3.55114e-05 -3.65763e-07 -6.85805e-07 -3.44200e-05
1.69274e+00 3.75046e-05 -3.86290e-07 -7.24294e-07 -3.63520e-05
1.71878e+00 3.94578e-05 -4.06404e-07 -7.62008e-07 -3.82451e-05
1.74482e+00 4.13686e-05 -4.26083e-07 -7.98906e-07 -4.00972e-05
1.77086e+00 4.32352e-05 -4.45306e-07 -8.34948e-07 -4.19063e-05
1.79690e+00 4.50554e-05 -4.64052e-07 -8.70097e-07 -4.36706e-05
1.82294e+00 4.68274e-05 -4.82300e-07 -9.04313e-07 -4.53881e-05
1.84898e+00 4.85493e-05 -5.00033e-07 -9.37562e-07 -4.70571e-05
1.87502e+00 5.02192e-05 -5.17230e-07 -9.69806e-07 -4.86756e-05
1.90107e+00 5.18353e-05 -5.33873e-07 -1.00101e-06 -5.02420e-05
1.92711e+00 5.33959e-05 -5.49945e-07 -1.03115e-06 -5.17546e-05
1.95315e+00 5.48993e-05 -5.65427e-07 -1.06018e-06 -5.32118e-05
1.97919e+00 5.63440e-05 -5.80305e-07 -1.08807e-06 -5.46121e-05
2.00523e+00 5.77283e-05 -5.94561e-07 -1.11480e-06 -5.59538e-05
2.03127e+00 5.90508e-05 -6.08180e-07 -1.14034e-06 -5.72356e-05
2.05731e+00 6.03100e-05 -6.21148e-07 -1.16465e-06 -5.84562e-05
2.08335e+00 6.15047e-05 -6.33451e-07 -1.18772e-06 -5.96141e-05
2.10939e+00 6.26336e-05 -6.45077e-07 -1.20952e-06 -6.07082e-05
2.13543e+00 6.36953e-05 -6.56011e-07 -1.23002e-06 -6.17373e-05
2.16147e+00 6.46889e-05 -6.66243e-07 -1.24921e-06 -6.27004e-05
2.18751e+00 6.56132e-05 -6.75762e-07 -1.26705e-06 -6.35962e-05
2.21355e+00 6.64672e-05 -6.84557e-07 -1.28354e-06 -6.44240e-05
2.23959e+00 6.72501e-05 -6.92619e-07 -1.29866e-06 -6.51828e-05
2.26563e+00 6.79610e-05 -6.99939e-07 -1.31239e-06 -6.58718e-05
2.29168e+00 6.85991e-05 -7.06510e-07 -1.32471e-06 -6.64903e-05
2.31772e+00 6.91638e-05 -7.12325e-07 -1.33561e-06 -6.70375e-05
2.34376e+00 6.96544e-05 -7.17376e-07 -1.34508e-06 -6.75130e-05
2.36980e+00 7.00704e-05 -7.21657e-07 -1.35311e-06 -6.79163e-05
2.39584e+00 7.04115e-05 -7.25166e-07 -1.35969e-06 -6.82467e-05
2.42188e+00 7.06770e-05 -7.27906e-07 -1.36482e-06 -6.85042e-05
2.44792e+00 7.08667e-05 -7.29866e-07 -1.36850e-06 -6.86882e-05
2.47396e+00 7.09809e-05 -7.31037e-07 -1.37069e-06 -6.87987e-05
2.50000e+00 7.10190e-05 -7.31426e-07 -1.37142e-06 -6.88356e-05
