0.00000e+00 -8.91616e-05 -3.98639e-08 -2.98979e-06 9.68454e-05
2.60431e-02 -8.91138e-05 -3.98683e-08 -2.99012e-06 9.67935e-05
5.20861e-02 -8.89707e-05 -3.98338e-08 -2.98754e-06 9.66380e-05
7.81292e-02 -8.87324e-05 -3.97598e-08 -2.98199e-06 9.63790e-05
1.04172e-01 -8.83988e-05 -3.96454e-08 -2.97340e-06 9.60167e-05
1.30215e-01 -8.79705e-05 -3.94923e-08 -2.96193e-06 9.55517e-05
1.56258e-01 -8.74483e-05 -3.92960e-08 -2.94720e-06 9.49843e-05
1.82301e-01 -8.68323e-05 -3.90572e-08 -2.92929e-06 9.43152e-05
2.08344e-01 -8.61233e-05 -3.87767e-08 -2.90825e-06 9.35451e-05
2.34387e-01 -8.53221e-05 -3.84543e-08 -2.88407e-06 9.26748e-05
2.60430e-01 -8.44295e-05 -3.80903e-08 -2.85677e-06 9.17052e-05
2.86473e-01 -8.34464e-05 -3.76844e-08 -2.82633e-06 9.06375e-05
3.12516e-01 -8.23740e-05 -3.72373e-08 -2.79280e-06 8.94727e-05
3.38559e-01 -8.12134e-05 -3.67476e-08 -2.75607e-06 8.82120e-05
3.64602e-01 -7.99659e-05 -3.62174e-08 -2.71630e-06 8.68569e-05
3.90645e-01 -7.86326e-05 -3.56450e-08 -2.67338e-06 8.54088e-05
4.16688e-01 -7.72152e-05 -3.50337e-08 -2.62752e-06 8.38692e-05
4.42731e-01 -7.57151e-05 -3.43713e-08 -2.57785e-06 8.22398e-05
4.68774e-01 -7.41339e-05 -3.36715e-08 -2.52536e-06 8.05224e-05
4.94817e-01 -7.24733e-05 -3.29328e-08 -2.46996e-06 7.87187e-05
5.20860e-01 -7.07351e-05 -3.21580e-08 -2.41185e-06 7.68307e-05
5.46902e-01 -6.89212e-05 -3.13459e-08 -2.35095e-06 7.48604e-05
5.72945e-01 -6.70334e-05 -3.04997e-08 -2.28748e-06 7.28099e-05
5.98988e-01 -6.50739e-05 -2.96199e-08 -2.22149e-06 7.06815e-05
6.25030e-01 -6.30447e-05 -2.87079e-08 -2.15309e-06 6.84774e-05
6.51073e-01 -6.09479e-05 -2.77641e-08 -2.08231e-06 6.62000e-05
6.77116e-01 -5.87859e-05 -2.67901e-08 -2.00926e-06 6.38516e-05
7.03158e-01 -5.65610e-05 -2.57869e-08 -1.93402e-06 6.14349e-05
7.29201e-01 -5.42755e-05 -2.47556e-08 -1.85667e-06 5.89524e-05
7.55243e-01 -5.19318e-05 -2.36968e-08 -1.77726e-06 5.64068e-05
7.81286e-01 -4.95326e-05 -2.26121e-08 -1.69591e-06 5.38008e-05
8.07328e-01 -4.70803e-05 -2.15024e-08 -1.61268e-06 5.11372e-05
8.33371e-01 -4.45776e-05 -2.03690e-08 -1.52768e-06 4.84188e-05
8.59413e-01 -4.20272e-05 -1.92117e-08 -1.44088e-06 4.56485e-05
8.85455e-01 -3.94317e-05 -1.80333e-08 -1.35250e-06 4.28294e-05
9.11497e-01 -3.67941e-05 -1.68349e-08 -1.26261e-06 3.99644e-05
9.37540e-01 -3.41170e-05 -1.56181e-08 -1.17136e-06 3.70567e-05
9.63582e-01 -3.14034e-05 -1.43839e-08 -1.07879e-06 3.41092e-05
9.89624e-01 -2.86562e-05 -1.31341e-08 -9.85057e-07 3.11252e-05
1.01567e+00 -2.58783e-05 -1.18699e-08 -8.90243e-07 2.81079e-05
1.04171e+00 -2.30726e-05 -1.05929e-08 -7.94466e-07 2.50605e-05
1.06775e+00 -2.02423e-05 -9.30415e-09 -6.97811e-07 2.19863e-05
1.09379e+00 -1.73903e-05 -8.00541e-09 -6.00406e-07 1.88886e-05
1.11983e+00 -1.45197e-05 -6.69797e-09 -5.02348e-07 1.57706e-05
1.14588e+00 -1.16336e-05 -5.38338e-09 -4.03753e-07 1.26357e-05
1.17192e+00 -8.73495e-06 -4.06299e-09 -3.04724e-07 9.48733e-06
1.19796e+00 -5.82699e-06 -2.73827e-09 -2.05371e-07 6.32878e-06
1.22400e+00 -2.91279e-06 -1.41066e-09 -1.05799e-07 3.16347e-06
1.25004e+00 4.51962e-09 -8.15825e-11 -6.11869e-09 -5.22825e-09
1.27608e+00 2.92183e-06 1.24774e-09 9.35803e-08 -3.17391e-06
1.30213e+00 5.83600e-06 2.57565e-09 1.93174e-07 -6.33920e-06
1.32817e+00 8.74392e-06 3.90070e-09 2.92552e-07 -9.49768e-06
1.35421e+00 1.16425e-05 5.22147e-09 3.91610e-07 -1.26460e-05
1.38025e+00 1.45286e-05 6.53653e-09 4.90240e-07 -1.57808e-05
1.40629e+00 1.73991e-05 7.84445e-09 5.88334e-07 -1.88986e-05
1.43233e+00 2.02510e-05 9.14379e-09 6.85784e-07 -2.19962e-05
1.45837e+00 2.30812e-05 1.04331e-08 7.82485e-07 -2.50703e-05
1.48442e+00 2.58866e-05 1.17110e-08 8.78328e-07 -2.81175e-05
1.51046e+00 2.86644e-05 1.29762e-08 9.73215e-07 -3.11346e-05
1.53650e+00 3.14115e-05 1.42273e-08 1.06705e-06 -3.41184e-05
1.56254e+00 3.41249e-05 1.54630e-08 1.15972e-06 -3.70656e-05
1.58858e+00 3.68018e-05 1.66818e-08 1.25114e-06 -3.99731e-05
1.61462e+00 3.94392e-05 1.78827e-08 1.34120e-06 -4.28378e-05
1.64066e+00 4.20345e-05 1.90644e-08 1.42983e-06 -4.56567e-05
1.66670e+00 4.45847e-05 2.02259e-08 1.51694e-06 -4.84266e-05
1.69274e+00 4.70872e-05 2.13662e-08 1.60247e-06 -5.11447e-05
1.71879e+00 4.95393e-05 2.24837e-08 1.68628e-06 -5.38080e-05
1.74483e+00 5.19383e-05 2.35772e-08 1.76829e-06 -5.64137e-05
1.77087e+00 5.42817e-05 2.46453e-08 1.84840e-06 -5.89590e-05
1.79691e+00 5.65670e-05 2.56868e-08 1.92651e-06 -6.14412e-05
1.82295e+00 5.87917e-05 2.67005e-08 2.00254e-06 -6.38575e-05
1.84899e+00 6.09534e-05 2.76853e-08 2.07640e-06 -6.62055e-05
1.87503e+00 6.30499e-05 2.86400e-08 2.14800e-06 -6.84826e-05
1.90107e+00 6.50789e-05 2.95631e-08 2.21723e-06 -7.06864e-05
1.92711e+00 6.70382e-05 3.04541e-08 2.28406e-06 -7.28145e-05
1.95315e+00 6.89257e-05 3.13119e-08 2.34839e-06 -7.48646e-05
1.97919e+00 7.07394e-05 3.21356e-08 2.41017e-06 -7.68345e-05
2.00523e+00 7.24773e-05 3.29233e-08 2.46924e-06 -7.87222e-05
2.03127e+00 7.41377e-05 3.36750e-08 2.52563e-06 -8.05256e-05
2.05731e+00 7.57186e-05 3.43894e-08 2.57920e-06 -8.22427e-05
2.08335e+00 7.72185e-05 3.50660e-08 2.62995e-06 -8.38718e-05
2.10940e+00 7.86357e-05 3.57014e-08 2.67760e-06 -8.54111e-05
2.13544e+00 7.99687e-05 3.62976e-08 2.72232e-06 -8.68590e-05
2.16148e+00 8.12161e-05 3.68536e-08 2.76402e-06 -8.82138e-05
2.18752e+00 8.23765e-05 3.73694e-08 2.80271e-06 -8.94742e-05
2.21356e+00 8.34488e-05 3.78431e-08 2.83823e-06 -9.06388e-05
2.23960e+00 8.44316e-05 3.82754e-08 2.87066e-06 -9.17063e-05
2.26564e+00 8.53241e-05 3.86655e-08 2.89991e-06 -9.26757e-05
2.29168e+00 8.61252e-05 3.90136e-08 2.92602e-06 -9.35458e-05
2.31772e+00 8.68341e-05 3.93180e-08 2.94885e-06 -9.43157e-05
2.34376e+00 8.74499e-05 3.95801e-08 2.96851e-06 -9.49847e-05
2.36980e+00 8.79721e-05 3.97991e-08 2.98493e-06 -9.55520e-05
2.39584e+00 8.84002e-05 3.99743e-08 2.99807e-06 -9.60169e-05
2.42188e+00 8.87338e-05 4.01077e-08 3.00808e-06 -9.63791e-05
2.44792e+00 8.89721e-05 4.02000e-08 3.01500e-06 -9.66380e-05
2.47396e+00 8.91151e-05 4.02522e-08 3.01891e-06 -9.67935e-05
2.50000e+00 8.91629e-05 4.02644e-08 3.01983e-06 -9.68454e-05
