0.00000e+00 7.09088e-06 1.34772e-07 8.08633e-05 -5.86087e-05
2.60416e-02 7.08728e-06 1.34700e-07 8.08198e-05 -5.85773e-05
5.20831e-02 7.07612e-06 1.34482e-07 8.06894e-05 -5.84832e-05
7.81247e-02 7.05741e-06 1.34118e-07 8.04706e-05 -5.83265e-05
1.04166e-01 7.03105e-06 1.33610e-07 8.01662e-05 -5.81073e-05
1.30208e-01 6.99705e-06 1.32962e-07 7.97773e-05 -5.78259e-05
1.56249e-01 6.95573e-06 1.32167e-07 7.93003e-05 -5.74825e-05
1.82291e-01 6.90685e-06 1.31231e-07 7.87384e-05 -5.70777e-05
2.08332e-01 6.85048e-06 1.30155e-07 7.80930e-05 -5.66117e-05
2.34374e-01 6.78682e-06 1.28939e-07 7.73636e-05 -5.60850e-05
2.60416e-01 6.71588e-06 1.27585e-07 7.65512e-05 -5.54984e-05
2.86457e-01 6.63775e-06 1.26095e-07 7.56570e-05 -5.48522e-05
3.12499e-01 6.55249e-06 1.24470e-07 7.46819e-05 -5.41474e-05
3.38540e-01 6.46021e-06 1.22711e-07 7.36268e-05 -5.33846e-05
3.64582e-01 6.36101e-06 1.20822e-07 7.24931e-05 -5.25646e-05
3.90623e-01 6.25499e-06 1.18803e-07 7.12817e-05 -5.16883e-05
4.16665e-01 6.14227e-06 1.16657e-07 6.99944e-05 -5.07567e-05
4.42707e-01 6.02298e-06 1.14386e-07 6.86314e-05 -4.97707e-05
4.68748e-01 5.89724e-06 1.11992e-07 6.71955e-05 -4.87314e-05
4.94790e-01 5.76518e-06 1.09479e-07 6.56875e-05 -4.76400e-05
5.20831e-01 5.62694e-06 1.06849e-07 6.41095e-05 -4.64975e-05
5.46873e-01 5.48267e-06 1.04105e-07 6.24628e-05 -4.53052e-05
5.72914e-01 5.33253e-06 1.01249e-07 6.07495e-05 -4.40645e-05
5.98956e-01 5.17668e-06 9.82854e-08 5.89712e-05 -4.27765e-05
6.24998e-01 5.01528e-06 9.52168e-08 5.71301e-05 -4.14427e-05
6.51039e-01 4.84850e-06 9.20465e-08 5.52279e-05 -4.00646e-05
6.77081e-01 4.67653e-06 8.87780e-08 5.32668e-05 -3.86435e-05
7.03122e-01 4.49955e-06 8.54146e-08 5.12488e-05 -3.71811e-05
7.29164e-01 4.31775e-06 8.19601e-08 4.91760e-05 -3.56789e-05
7.55206e-01 4.13132e-06 7.84179e-08 4.70507e-05 -3.41384e-05
7.81247e-01 3.94047e-06 7.47920e-08 4.48752e-05 -3.25614e-05
8.07289e-01 3.74540e-06 7.10862e-08 4.26517e-05 -3.09495e-05
8.33330e-01 3.54631e-06 6.73043e-08 4.03826e-05 -2.93045e-05
8.59372e-01 3.34342e-06 6.34509e-08 3.80705e-05 -2.76281e-05
8.85414e-01 3.13693e-06 5.95295e-08 3.57177e-05 -2.59222e-05
9.11455e-01 2.92709e-06 5.55445e-08 3.33267e-05 -2.41884e-05
9.37497e-01 2.71411e-06 5.15002e-08 3.09001e-05 -2.24288e-05
9.63538e-01 2.49822e-06 4.74008e-08 2.84405e-05 -2.06451e-05
9.89580e-01 2.27965e-06 4.32507e-08 2.59504e-05 -1.88394e-05
1.01562e+00 2.05864e-06 3.90543e-08 2.34326e-05 -1.70134e-05
1.04166e+00 1.83543e-06 3.48162e-08 2.08897e-05 -1.51693e-05
1.06771e+00 1.61024e-06 3.05409e-08 1.83245e-05 -1.33089e-05
1.09375e+00 1.38333e-06 2.62329e-08 1.57397e-05 -1.14342e-05
1.11979e+00 1.15494e-06 2.18967e-08 1.31380e-05 -9.54733e-06
1.14583e+00 9.25307e-07 1.75372e-08 1.05223e-05 -7.65021e-06
1.17187e+00 6.94685e-07 1.31588e-08 7.89527e-06 -5.74490e-06
1.19791e+00 4.63317e-07 8.76629e-09 5.25977e-06 -3.83344e-06
1.22395e+00 2.31452e-07 4.36427e-09 2.61856e-06 -1.91787e-06
1.25000e+00 -6.62157e-10 -4.25654e-11 -2.55392e-08 -2.46990e-10
1.27604e+00 -2.32769e-07 -4.44925e-09 -2.66955e-06 1.91738e-06
1.30208e+00 -4.64629e-07 -8.85132e-09 -5.31079e-06 3.83295e-06
1.32812e+00 -6.95991e-07 -1.32440e-08 -7.94640e-06 5.74441e-06
1.35416e+00 -9.26611e-07 -1.76225e-08 -1.05735e-05 7.64973e-06
1.38020e+00 -1.15624e-06 -2.19822e-08 -1.31893e-05 9.54685e-06
1.40625e+00 -1.38462e-06 -2.63182e-08 -1.57909e-05 1.14338e-05
1.43229e+00 -1.61153e-06 -3.06261e-08 -1.83756e-05 1.33084e-05
1.45833e+00 -1.83671e-06 -3.49011e-08 -2.09406e-05 1.51688e-05
1.48437e+00 -2.05992e-06 -3.91387e-08 -2.34832e-05 1.70130e-05
1.51041e+00 -2.28092e-06 -4.33343e-08 -2.60006e-05 1.88389e-05
1.53646e+00 -2.49949e-06 -4.74834e-08 -2.84900e-05 2.06447e-05
1.56250e+00 -2.71537e-06 -5.15815e-08 -3.09489e-05 2.24284e-05
1.58854e+00 -2.92835e-06 -5.56243e-08 -3.33746e-05 2.41880e-05
1.61458e+00 -3.13819e-06 -5.96076e-08 -3.57645e-05 2.59218e-05
1.64062e+00 -3.34468e-06 -6.35266e-08 -3.81159e-05 2.76278e-05
1.66666e+00 -3.54758e-06 -6.73780e-08 -4.04268e-05 2.93042e-05
1.69271e+00 -3.74669e-06 -7.11567e-08 -4.26940e-05 3.09492e-05
1.71875e+00 -3.94178e-06 -7.48597e-08 -4.49158e-05 3.25611e-05
1.74479e+00 -4.13266e-06 -7.84820e-08 -4.70892e-05 3.41381e-05
1.77083e+00 -4.31911e-06 -8.20204e-08 -4.92122e-05 3.56786e-05
1.79687e+00 -4.50094e-06 -8.54705e-08 -5.12823e-05 3.71808e-05
1.82291e+00 -4.67794e-06 -8.88291e-08 -5.32974e-05 3.86433e-05
1.84896e+00 -4.84993e-06 -9.20921e-08 -5.52553e-05 4.00643e-05
1.87500e+00 -5.01673e-06 -9.52565e-08 -5.71539e-05 4.14425e-05
1.90104e+00 -5.17815e-06 -9.83185e-08 -5.89911e-05 4.27763e-05
1.92708e+00 -5.33403e-06 -1.01275e-07 -6.07651e-05 4.40642e-05
1.95312e+00 -5.48418e-06 -1.04123e-07 -6.24738e-05 4.53050e-05
1.97916e+00 -5.62847e-06 -1.06859e-07 -6.41155e-05 4.64973e-05
2.00521e+00 -5.76672e-06 -1.09480e-07 -6.56882e-05 4.76398e-05
2.03125e+00 -5.89879e-06 -1.11984e-07 -6.71906e-05 4.87313e-05
2.05729e+00 -6.02454e-06 -1.14368e-07 -6.86206e-05 4.97706e-05
2.08333e+00 -6.14383e-06 -1.16629e-07 -6.99775e-05 5.07566e-05
2.10937e+00 -6.25652e-06 -1.18764e-07 -7.12586e-05 5.16882e-05
2.13542e+00 -6.36250e-06 -1.20773e-07 -7.24637e-05 5.25645e-05
2.16146e+00 -6.46167e-06 -1.22652e-07 -7.35909e-05 5.33845e-05
2.18750e+00 -6.55391e-06 -1.24399e-07 -7.46394e-05 5.41473e-05
2.21354e+00 -6.63911e-06 -1.26013e-07 -7.56076e-05 5.48522e-05
2.23958e+00 -6.71719e-06 -1.27492e-07 -7.64950e-05 5.54983e-05
2.26562e+00 -6.78808e-06 -1.28834e-07 -7.73003e-05 5.60850e-05
2.29167e+00 -6.85167e-06 -1.30038e-07 -7.80230e-05 5.66116e-05
2.31771e+00 -6.90793e-06 -1.31103e-07 -7.86618e-05 5.70776e-05
2.34375e+00 -6.95672e-06 -1.32029e-07 -7.92173e-05 5.74825e-05
2.36979e+00 -6.99794e-06 -1.32814e-07 -7.96885e-05 5.78259e-05
2.39583e+00 -7.03180e-06 -1.33454e-07 -8.00725e-05 5.81073e-05
2.42187e+00 -7.05800e-06 -1.33953e-07 -8.03720e-05 5.83265e-05
2.44792e+00 -7.07656e-06 -1.34311e-07 -8.05867e-05 5.84832e-05
2.47396e+00 -7.08762e-06 -1.34524e-07 -8.07147e-05 5.85773e-05
2.50000e+00 -7.09112e-06 -1.34593e-07 -8.07558e-05 5.86087e-05
