0.00000e+00 1.53370e-05 2.78272e-07 1.33570e-04 -6.80733e-05
2.60414e-02 1.53287e-05 2.78121e-07 1.33498e-04 -6.80368e-05
5.20828e-02 1.53042e-05 2.77673e-07 1.33283e-04 -6.79275e-05
7.81243e-02 1.52635e-05 2.76926e-07 1.32924e-04 -6.77455e-05
1.04166e-01 1.52059e-05 2.75884e-07 1.32424e-04 -6.74909e-05
1.30207e-01 1.51319e-05 2.74554e-07 1.31786e-04 -6.71641e-05
1.56249e-01 1.50423e-05 2.72925e-07 1.31004e-04 -6.67653e-05
1.82290e-01 1.49365e-05 2.70996e-07 1.30078e-04 -6.62950e-05
2.08331e-01 1.48145e-05 2.68780e-07 1.29014e-04 -6.57538e-05
2.34373e-01 1.46766e-05 2.66281e-07 1.27815e-04 -6.51421e-05
2.60414e-01 1.45230e-05 2.63497e-07 1.26479e-04 -6.44607e-05
2.86456e-01 1.43538e-05 2.60431e-07 1.25007e-04 -6.37103e-05
3.12497e-01 1.41693e-05 2.57085e-07 1.23401e-04 -6.28916e-05
3.38539e-01 1.39696e-05 2.53464e-07 1.21663e-04 -6.20056e-05
3.64580e-01 1.37549e-05 2.49571e-07 1.19794e-04 -6.10532e-05
3.90622e-01 1.35256e-05 2.45411e-07 1.17797e-04 -6.00354e-05
4.16663e-01 1.32817e-05 2.40988e-07 1.15674e-04 -5.89533e-05
4.42704e-01 1.30237e-05 2.36307e-07 1.13427e-04 -5.78082e-05
4.68746e-01 1.27517e-05 2.31372e-07 1.11059e-04 -5.66011e-05
4.94787e-01 1.24661e-05 2.26190e-07 1.08571e-04 -5.53334e-05
5.20829e-01 1.21672e-05 2.20765e-07 1.05967e-04 -5.40064e-05
5.46870e-01 1.18552e-05 2.15104e-07 1.03250e-04 -5.26216e-05
5.72912e-01 1.15305e-05 2.09213e-07 1.00422e-04 -5.11805e-05
5.98953e-01 1.11934e-05 2.03098e-07 9.74870e-05 -4.96845e-05
6.24995e-01 1.08444e-05 1.96765e-07 9.44474e-05 -4.81354e-05
6.51036e-01 1.04838e-05 1.90222e-07 9.13065e-05 -4.65347e-05
6.77078e-01 1.01119e-05 1.83475e-07 8.80679e-05 -4.48842e-05
7.03119e-01 9.72919e-06 1.76531e-07 8.47349e-05 -4.31856e-05
7.29161e-01 9.33607e-06 1.69398e-07 8.13113e-05 -4.14408e-05
7.55202e-01 8.93295e-06 1.62085e-07 7.78006e-05 -3.96516e-05
7.81244e-01 8.52027e-06 1.54597e-07 7.42067e-05 -3.78199e-05
8.07285e-01 8.09846e-06 1.46944e-07 7.05332e-05 -3.59478e-05
8.33327e-01 7.66797e-06 1.39134e-07 6.67843e-05 -3.40371e-05
8.59368e-01 7.22929e-06 1.31174e-07 6.29637e-05 -3.20900e-05
8.85410e-01 6.78285e-06 1.23074e-07 5.90756e-05 -3.01085e-05
9.11452e-01 6.32916e-06 1.14842e-07 5.51242e-05 -2.80948e-05
9.37493e-01 5.86868e-06 1.06487e-07 5.11139e-05 -2.60510e-05
9.63535e-01 5.40192e-06 9.80184e-08 4.70488e-05 -2.39794e-05
9.89576e-01 4.92938e-06 8.94446e-08 4.29334e-05 -2.18820e-05
1.01562e+00 4.45155e-06 8.07751e-08 3.87720e-05 -1.97612e-05
1.04166e+00 3.96896e-06 7.20190e-08 3.45691e-05 -1.76192e-05
1.06770e+00 3.48211e-06 6.31858e-08 3.03292e-05 -1.54584e-05
1.09374e+00 2.99153e-06 5.42848e-08 2.60567e-05 -1.32810e-05
1.11978e+00 2.49775e-06 4.53257e-08 2.17563e-05 -1.10894e-05
1.14583e+00 2.00129e-06 3.63181e-08 1.74327e-05 -8.88596e-06
1.17187e+00 1.50268e-06 2.72715e-08 1.30903e-05 -6.67296e-06
1.19791e+00 1.00247e-06 1.81957e-08 8.73395e-06 -4.45282e-06
1.22395e+00 5.01179e-07 9.10043e-09 4.36821e-06 -2.22792e-06
1.24999e+00 -6.49659e-10 -4.60376e-12 -2.20980e-09 -6.20910e-10
1.27603e+00 -5.02475e-07 -9.10965e-09 -4.37263e-06 2.22668e-06
1.30208e+00 -1.00376e-06 -1.82049e-08 -8.73837e-06 4.45159e-06
1.32812e+00 -1.50398e-06 -2.72808e-08 -1.30948e-05 6.67173e-06
1.35416e+00 -2.00259e-06 -3.63274e-08 -1.74372e-05 8.88474e-06
1.38020e+00 -2.49905e-06 -4.53352e-08 -2.17609e-05 1.10882e-05
1.40624e+00 -2.99284e-06 -5.42944e-08 -2.60613e-05 1.32798e-05
1.43228e+00 -3.48343e-06 -6.31955e-08 -3.03339e-05 1.54572e-05
1.45833e+00 -3.97028e-06 -7.20290e-08 -3.45739e-05 1.76181e-05
1.48437e+00 -4.45289e-06 -8.07854e-08 -3.87770e-05 1.97601e-05
1.51041e+00 -4.93073e-06 -8.94554e-08 -4.29386e-05 2.18809e-05
1.53645e+00 -5.40329e-06 -9.80296e-08 -4.70542e-05 2.39783e-05
1.56249e+00 -5.87007e-06 -1.06499e-07 -5.11194e-05 2.60500e-05
1.58853e+00 -6.33056e-06 -1.14854e-07 -5.51300e-05 2.80938e-05
1.61458e+00 -6.78427e-06 -1.23087e-07 -5.90816e-05 3.01075e-05
1.64062e+00 -7.23072e-06 -1.31187e-07 -6.29699e-05 3.20890e-05
1.66666e+00 -7.66943e-06 -1.39147e-07 -6.67908e-05 3.40362e-05
1.69270e+00 -8.09993e-06 -1.46958e-07 -7.05400e-05 3.59469e-05
1.71874e+00 -8.52175e-06 -1.54612e-07 -7.42137e-05 3.78191e-05
1.74479e+00 -8.93445e-06 -1.62100e-07 -7.78079e-05 3.96508e-05
1.77083e+00 -9.33758e-06 -1.69414e-07 -8.13188e-05 4.14400e-05
1.79687e+00 -9.73071e-06 -1.76547e-07 -8.47427e-05 4.31849e-05
1.82291e+00 -1.01134e-05 -1.83491e-07 -8.80759e-05 4.48835e-05
1.84895e+00 -1.04853e-05 -1.90239e-07 -9.13148e-05 4.65340e-05
1.87499e+00 -1.08460e-05 -1.96783e-07 -9.44558e-05 4.81348e-05
1.90104e+00 -1.11950e-05 -2.03116e-07 -9.74957e-05 4.96840e-05
1.92708e+00 -1.15321e-05 -2.09232e-07 -1.00431e-04 5.11799e-05
1.95312e+00 -1.18568e-05 -2.15123e-07 -1.03259e-04 5.26211e-05
1.97916e+00 -1.21688e-05 -2.20785e-07 -1.05977e-04 5.40059e-05
2.00520e+00 -1.24678e-05 -2.26210e-07 -1.08581e-04 5.53329e-05
2.03125e+00 -1.27534e-05 -2.31393e-07 -1.11069e-04 5.66007e-05
2.05729e+00 -1.30254e-05 -2.36328e-07 -1.13437e-04 5.78078e-05
2.08333e+00 -1.32834e-05 -2.41010e-07 -1.15685e-04 5.89530e-05
2.10937e+00 -1.35272e-05 -2.45434e-07 -1.17808e-04 6.00351e-05
2.13541e+00 -1.37565e-05 -2.49594e-07 -1.19805e-04 6.10530e-05
2.16146e+00 -1.39711e-05 -2.53488e-07 -1.21674e-04 6.20054e-05
2.18750e+00 -1.41708e-05 -2.57110e-07 -1.23413e-04 6.28914e-05
2.21354e+00 -1.43553e-05 -2.60456e-07 -1.25019e-04 6.37101e-05
2.23958e+00 -1.45244e-05 -2.63523e-07 -1.26491e-04 6.44606e-05
2.26562e+00 -1.46780e-05 -2.66307e-07 -1.27828e-04 6.51420e-05
2.29166e+00 -1.48158e-05 -2.68807e-07 -1.29027e-04 6.57537e-05
2.31771e+00 -1.49378e-05 -2.71024e-07 -1.30091e-04 6.62950e-05
2.34375e+00 -1.50435e-05 -2.72954e-07 -1.31018e-04 6.67653e-05
2.36979e+00 -1.51330e-05 -2.74585e-07 -1.31801e-04 6.71640e-05
2.39583e+00 -1.52069e-05 -2.75917e-07 -1.32440e-04 6.74909e-05
2.42187e+00 -1.52645e-05 -2.76959e-07 -1.32940e-04 6.77455e-05
2.44792e+00 -1.53051e-05 -2.77706e-07 -1.33299e-04 6.79275e-05
2.47396e+00 -1.53296e-05 -2.78155e-07 -1.33514e-04 6.80368e-05
2.50000e+00 -1.53379e-05 -2.78307e-07 -1.33587e-04 6.80733e-05
