0.00000e+00 -3.28851e-07 3.31557e-07 5.09271e-03 5.22967e-07
2.60417e-02 -3.28667e-07 3.31377e-07 5.08996e-03 5.22687e-07
5.20833e-02 -3.28123e-07 3.30846e-07 5.08180e-03 5.21848e-07
7.81250e-02 -3.27221e-07 3.29962e-07 5.06822e-03 5.20449e-07
1.04167e-01 -3.26000e-07 3.28720e-07 5.04914e-03 5.18493e-07
1.30208e-01 -3.24470e-07 3.27128e-07 5.02468e-03 5.15982e-07
1.56250e-01 -3.22547e-07 3.25187e-07 4.99487e-03 5.12919e-07
1.82292e-01 -3.20230e-07 3.22895e-07 4.95967e-03 5.09306e-07
2.08333e-01 -3.17593e-07 3.20259e-07 4.91917e-03 5.05148e-07
2.34375e-01 -3.14642e-07 3.17281e-07 4.87343e-03 5.00448e-07
2.60417e-01 -3.11362e-07 3.13962e-07 4.82246e-03 4.95213e-07
2.86458e-01 -3.07745e-07 3.10307e-07 4.76632e-03 4.89448e-07
3.12500e-01 -3.03794e-07 3.06320e-07 4.70508e-03 4.83159e-07
3.38542e-01 -2.99516e-07 3.02005e-07 4.63879e-03 4.76352e-07
3.64583e-01 -2.94916e-07 2.97366e-07 4.56754e-03 4.69035e-07
3.90625e-01 -2.89999e-07 2.92409e-07 4.49140e-03 4.61216e-07
4.16667e-01 -2.84772e-07 2.87138e-07 4.41044e-03 4.52903e-07
4.42708e-01 -2.79240e-07 2.81560e-07 4.32477e-03 4.44105e-07
4.68750e-01 -2.73408e-07 2.75681e-07 4.23446e-03 4.34831e-07
4.94792e-01 -2.67284e-07 2.69506e-07 4.13962e-03 4.25092e-07
5.20833e-01 -2.60874e-07 2.63043e-07 4.04034e-03 4.14898e-07
5.46875e-01 -2.54185e-07 2.56298e-07 3.93674e-03 4.04259e-07
5.72917e-01 -2.47223e-07 2.49279e-07 3.82892e-03 3.93188e-07
5.98958e-01 -2.39997e-07 2.41993e-07 3.71701e-03 3.81695e-07
6.25000e-01 -2.32514e-07 2.34447e-07 3.60111e-03 3.69794e-07
6.51042e-01 -2.24781e-07 2.26651e-07 3.48136e-03 3.57496e-07
6.77083e-01 -2.16807e-07 2.18612e-07 3.35788e-03 3.44816e-07
7.03125e-01 -2.08601e-07 2.10338e-07 3.23080e-03 3.31767e-07
7.29167e-01 -2.00172e-07 2.01840e-07 3.10026e-03 3.18362e-07
7.55208e-01 -1.91529e-07 1.93126e-07 2.96641e-03 3.04617e-07
7.81250e-01 -1.82682e-07 1.84204e-07 2.82938e-03 2.90545e-07
8.07292e-01 -1.73640e-07 1.75086e-07 2.68931e-03 2.76162e-07
8.33333e-01 -1.64410e-07 1.65779e-07 2.54637e-03 2.61483e-07
8.59375e-01 -1.55005e-07 1.56296e-07 2.40070e-03 2.46525e-07
8.85417e-01 -1.45432e-07 1.46645e-07 2.25246e-03 2.31302e-07
9.11458e-01 -1.35704e-07 1.36837e-07 2.10181e-03 2.15832e-07
9.37500e-01 -1.25830e-07 1.26882e-07 1.94891e-03 2.00131e-07
9.63542e-01 -1.15823e-07 1.16791e-07 1.79392e-03 1.84215e-07
9.89583e-01 -1.05692e-07 1.06576e-07 1.63701e-03 1.68102e-07
1.01563e+00 -9.54475e-08 9.62463e-08 1.47834e-03 1.51809e-07
1.04167e+00 -8.51011e-08 8.58136e-08 1.31810e-03 1.35354e-07
1.06771e+00 -7.46633e-08 7.52890e-08 1.15644e-03 1.18753e-07
1.09375e+00 -6.41453e-08 6.46838e-08 9.93543e-04 1.02026e-07
1.11979e+00 -5.35587e-08 5.40093e-08 8.29583e-04 8.51888e-08
1.14583e+00 -4.29147e-08 4.32770e-08 6.64735e-04 6.82607e-08
1.17188e+00 -3.22249e-08 3.24984e-08 4.99176e-04 5.12595e-08
1.19792e+00 -2.15005e-08 2.16850e-08 3.33082e-04 3.42035e-08
1.22396e+00 -1.07530e-08 1.08485e-08 1.66632e-04 1.71108e-08
1.25000e+00 5.72196e-12 2.61712e-13 4.01990e-09 -2.09224e-13
1.27604e+00 1.07641e-08 -1.08479e-08 -1.66623e-04 -1.71112e-08
1.30208e+00 2.15108e-08 -2.16844e-08 -3.33073e-04 -3.42039e-08
1.32813e+00 3.22346e-08 -3.24977e-08 -4.99165e-04 -5.12600e-08
1.35417e+00 4.29239e-08 -4.32762e-08 -6.64722e-04 -6.82611e-08
1.38021e+00 5.35671e-08 -5.40083e-08 -8.29568e-04 -8.51892e-08
1.40625e+00 6.41528e-08 -6.46826e-08 -9.93525e-04 -1.02026e-07
1.43229e+00 7.46698e-08 -7.52876e-08 -1.15642e-03 -1.18754e-07
1.45833e+00 8.51070e-08 -8.58120e-08 -1.31807e-03 -1.35354e-07
1.48438e+00 9.54534e-08 -9.62445e-08 -1.47832e-03 -1.51810e-07
1.51042e+00 1.05698e-07 -1.06574e-07 -1.63698e-03 -1.68102e-07
1.53646e+00 1.15829e-07 -1.16789e-07 -1.79388e-03 -1.84215e-07
1.56250e+00 1.25837e-07 -1.26880e-07 -1.94887e-03 -2.00131e-07
1.58854e+00 1.35710e-07 -1.36834e-07 -2.10177e-03 -2.15832e-07
1.61458e+00 1.45438e-07 -1.46642e-07 -2.25242e-03 -2.31303e-07
1.64063e+00 1.55010e-07 -1.56293e-07 -2.40066e-03 -2.46525e-07
1.66667e+00 1.64415e-07 -1.65776e-07 -2.54632e-03 -2.61484e-07
1.69271e+00 1.73644e-07 -1.75082e-07 -2.68927e-03 -2.76162e-07
1.71875e+00 1.82686e-07 -1.84201e-07 -2.82933e-03 -2.90545e-07
1.74479e+00 1.91533e-07 -1.93122e-07 -2.96636e-03 -3.04617e-07
1.77083e+00 2.00174e-07 -2.01837e-07 -3.10022e-03 -3.18362e-07
1.79688e+00 2.08602e-07 -2.10336e-07 -3.23075e-03 -3.31767e-07
1.82292e+00 2.16806e-07 -2.18609e-07 -3.35783e-03 -3.44816e-07
1.84896e+00 2.24778e-07 -2.26648e-07 -3.48132e-03 -3.57496e-07
1.87500e+00 2.32509e-07 -2.34445e-07 -3.60107e-03 -3.69794e-07
1.90104e+00 2.39990e-07 -2.41990e-07 -3.71697e-03 -3.81695e-07
1.92708e+00 2.47214e-07 -2.49277e-07 -3.82889e-03 -3.93188e-07
1.95313e+00 2.54173e-07 -2.56296e-07 -3.93671e-03 -4.04259e-07
1.97917e+00 2.60860e-07 -2.63041e-07 -4.04031e-03 -4.14898e-07
2.00521e+00 2.67269e-07 -2.69505e-07 -4.13959e-03 -4.25092e-07
2.03125e+00 2.73393e-07 -2.75679e-07 -4.23444e-03 -4.34831e-07
2.05729e+00 2.79224e-07 -2.81559e-07 -4.32475e-03 -4.44105e-07
2.08333e+00 2.84755e-07 -2.87137e-07 -4.41043e-03 -4.52903e-07
2.10938e+00 2.89977e-07 -2.92408e-07 -4.49139e-03 -4.61216e-07
2.13542e+00 2.94888e-07 -2.97366e-07 -4.56755e-03 -4.69035e-07
2.16146e+00 2.99482e-07 -3.02006e-07 -4.63881e-03 -4.76352e-07
2.18750e+00 3.03756e-07 -3.06322e-07 -4.70510e-03 -4.83159e-07
2.21354e+00 3.07705e-07 -3.10310e-07 -4.76636e-03 -4.89448e-07
2.23958e+00 3.11320e-07 -3.13966e-07 -4.82251e-03 -4.95213e-07
2.26563e+00 3.14599e-07 -3.17285e-07 -4.87350e-03 -5.00448e-07
2.29167e+00 3.17548e-07 -3.20264e-07 -4.91925e-03 -5.05148e-07
2.31771e+00 3.20184e-07 -3.22902e-07 -4.95977e-03 -5.09306e-07
2.34375e+00 3.22499e-07 -3.25194e-07 -4.99498e-03 -5.12919e-07
2.36979e+00 3.24426e-07 -3.27136e-07 -5.02480e-03 -5.15982e-07
2.39583e+00 3.25959e-07 -3.28729e-07 -5.04928e-03 -5.18493e-07
2.42188e+00 3.27171e-07 -3.29972e-07 -5.06837e-03 -5.20449e-07
2.44792e+00 3.28069e-07 -3.30856e-07 -5.08195e-03 -5.21848e-07
2.47396e+00 3.28621e-07 -3.31387e-07 -5.09011e-03 -5.22687e-07
2.50000e+00 3.28807e-07 -3.31566e-07 -5.09286e-03 -5.22967e-07
