0.00000e+00 2.77652e-05 -1.56726e-07 -9.62924e-03 -8.78804e-05
2.60412e-02 2.77499e-05 -1.56650e-07 -9.62458e-03 -8.78333e-05
5.20825e-02 2.77052e-05 -1.56408e-07 -9.60969e-03 -8.76922e-05
7.81237e-02 2.76310e-05 -1.55997e-07 -9.58446e-03 -8.74572e-05
1.04165e-01 2.75264e-05 -1.55420e-07 -9.54898e-03 -8.71286e-05
1.30206e-01 2.73928e-05 -1.54681e-07 -9.50361e-03 -8.67066e-05
1.56247e-01 2.72304e-05 -1.53772e-07 -9.44777e-03 -8.61918e-05
1.82289e-01 2.70383e-05 -1.52691e-07 -9.38134e-03 -8.55847e-05
2.08330e-01 2.68171e-05 -1.51448e-07 -9.30497e-03 -8.48860e-05
2.34371e-01 2.65675e-05 -1.50046e-07 -9.21883e-03 -8.40964e-05
2.60412e-01 2.62894e-05 -1.48483e-07 -9.12277e-03 -8.32167e-05
2.86454e-01 2.59831e-05 -1.46759e-07 -9.01688e-03 -8.22479e-05
3.12495e-01 2.56490e-05 -1.44878e-07 -8.90130e-03 -8.11911e-05
3.38536e-01 2.52875e-05 -1.42840e-07 -8.77609e-03 -8.00473e-05
3.64577e-01 2.48989e-05 -1.40649e-07 -8.64146e-03 -7.88178e-05
3.90619e-01 2.44836e-05 -1.38306e-07 -8.49755e-03 -7.75039e-05
4.16660e-01 2.40422e-05 -1.35816e-07 -8.34456e-03 -7.61070e-05
4.42701e-01 2.35750e-05 -1.33177e-07 -8.18239e-03 -7.46286e-05
4.68743e-01 2.30827e-05 -1.30395e-07 -8.01149e-03 -7.30703e-05
4.94784e-01 2.25656e-05 -1.27474e-07 -7.83202e-03 -7.14338e-05
5.20825e-01 2.20243e-05 -1.24417e-07 -7.64418e-03 -6.97207e-05
5.46867e-01 2.14595e-05 -1.21226e-07 -7.44814e-03 -6.79330e-05
5.72908e-01 2.08717e-05 -1.17906e-07 -7.24415e-03 -6.60726e-05
5.98949e-01 2.02616e-05 -1.14460e-07 -7.03242e-03 -6.41414e-05
6.24991e-01 1.96298e-05 -1.10892e-07 -6.81319e-03 -6.21415e-05
6.51032e-01 1.89769e-05 -1.07205e-07 -6.58670e-03 -6.00751e-05
6.77073e-01 1.83037e-05 -1.03405e-07 -6.35318e-03 -5.79444e-05
7.03115e-01 1.76109e-05 -9.94935e-08 -6.11288e-03 -5.57516e-05
7.29156e-01 1.68993e-05 -9.54762e-08 -5.86606e-03 -5.34991e-05
7.55197e-01 1.61696e-05 -9.13567e-08 -5.61295e-03 -5.11893e-05
7.81239e-01 1.54226e-05 -8.71398e-08 -5.35387e-03 -4.88247e-05
8.07280e-01 1.46590e-05 -8.28296e-08 -5.08905e-03 -4.64079e-05
8.33322e-01 1.38798e-05 -7.84311e-08 -4.81881e-03 -4.39413e-05
8.59363e-01 1.30857e-05 -7.39476e-08 -4.54334e-03 -4.14277e-05
8.85405e-01 1.22775e-05 -6.93852e-08 -4.26303e-03 -3.88697e-05
9.11446e-01 1.14563e-05 -6.47486e-08 -3.97815e-03 -3.62701e-05
9.37488e-01 1.06228e-05 -6.00431e-08 -3.68905e-03 -3.36316e-05
9.63529e-01 9.77786e-06 -5.52733e-08 -3.39599e-03 -3.09572e-05
9.89571e-01 8.92249e-06 -5.04447e-08 -3.09932e-03 -2.82495e-05
1.01561e+00 8.05757e-06 -4.55624e-08 -2.79935e-03 -2.55117e-05
1.04165e+00 7.18401e-06 -4.06315e-08 -2.49640e-03 -2.27465e-05
1.06770e+00 6.30276e-06 -3.56573e-08 -2.19079e-03 -1.99570e-05
1.09374e+00 5.41476e-06 -3.06452e-08 -1.88284e-03 -1.71460e-05
1.11978e+00 4.52095e-06 -2.56005e-08 -1.57289e-03 -1.43168e-05
1.14582e+00 3.62231e-06 -2.05285e-08 -1.26127e-03 -1.14721e-05
1.17186e+00 2.71978e-06 -1.54343e-08 -9.48281e-04 -8.61525e-06
1.19790e+00 1.81434e-06 -1.03236e-08 -6.34282e-04 -5.74913e-06
1.22394e+00 9.06953e-07 -5.20162e-09 -3.19588e-04 -2.87685e-06
1.24999e+00 -1.40532e-09 -7.41921e-11 -4.55836e-06 -1.48635e-09
1.27603e+00 -9.09744e-07 5.05586e-09 3.10632e-04 2.87388e-06
1.30207e+00 -1.81711e-06 1.01804e-08 6.25484e-04 5.74617e-06
1.32811e+00 -2.72253e-06 1.52942e-08 9.39678e-04 8.61231e-06
1.35415e+00 -3.62504e-06 2.03917e-08 1.25286e-03 1.14692e-05
1.38020e+00 -4.52367e-06 2.54677e-08 1.56473e-03 1.43139e-05
1.40624e+00 -5.41745e-06 3.05164e-08 1.87493e-03 1.71432e-05
1.43228e+00 -6.30544e-06 3.55325e-08 2.18311e-03 1.99541e-05
1.45832e+00 -7.18667e-06 4.05105e-08 2.48897e-03 2.27437e-05
1.48436e+00 -8.06021e-06 4.54457e-08 2.79219e-03 2.55090e-05
1.51040e+00 -8.92512e-06 5.03324e-08 3.09242e-03 2.82469e-05
1.53645e+00 -9.78047e-06 5.51653e-08 3.38935e-03 3.09546e-05
1.56249e+00 -1.06254e-05 5.99393e-08 3.68267e-03 3.36291e-05
1.58853e+00 -1.14589e-05 6.46495e-08 3.97207e-03 3.62676e-05
1.61457e+00 -1.22801e-05 6.92908e-08 4.25723e-03 3.88673e-05
1.64061e+00 -1.30882e-05 7.38582e-08 4.53784e-03 4.14254e-05
1.66666e+00 -1.38823e-05 7.83469e-08 4.81363e-03 4.39391e-05
1.69270e+00 -1.46615e-05 8.27515e-08 5.08425e-03 4.64057e-05
1.71874e+00 -1.54251e-05 8.70680e-08 5.34946e-03 4.88227e-05
1.74478e+00 -1.61721e-05 9.12916e-08 5.60896e-03 5.11874e-05
1.77082e+00 -1.69018e-05 9.54178e-08 5.86247e-03 5.34972e-05
1.79686e+00 -1.76134e-05 9.94420e-08 6.10972e-03 5.57498e-05
1.82291e+00 -1.83061e-05 1.03360e-07 6.35044e-03 5.79427e-05
1.84895e+00 -1.89793e-05 1.07168e-07 6.58438e-03 6.00735e-05
1.87499e+00 -1.96321e-05 1.10861e-07 6.81128e-03 6.21401e-05
1.90103e+00 -2.02639e-05 1.14436e-07 7.03093e-03 6.41400e-05
1.92707e+00 -2.08740e-05 1.17888e-07 7.24306e-03 6.60713e-05
1.95312e+00 -2.14618e-05 1.21215e-07 7.44745e-03 6.79318e-05
1.97916e+00 -2.20266e-05 1.24412e-07 7.64388e-03 6.97196e-05
2.00520e+00 -2.25678e-05 1.27477e-07 7.83219e-03 7.14328e-05
2.03124e+00 -2.30848e-05 1.30406e-07 8.01213e-03 7.30694e-05
2.05728e+00 -2.35772e-05 1.33196e-07 8.18354e-03 7.46278e-05
2.08333e+00 -2.40442e-05 1.35843e-07 8.34621e-03 7.61063e-05
2.10937e+00 -2.44856e-05 1.38348e-07 8.50009e-03 7.75032e-05
2.13541e+00 -2.49007e-05 1.40705e-07 8.64489e-03 7.88172e-05
2.16145e+00 -2.52891e-05 1.42912e-07 8.78048e-03 8.00468e-05
2.18749e+00 -2.56504e-05 1.44966e-07 8.90668e-03 8.11906e-05
2.21354e+00 -2.59843e-05 1.46865e-07 9.02341e-03 8.22476e-05
2.23958e+00 -2.62904e-05 1.48608e-07 9.13048e-03 8.32164e-05
2.26562e+00 -2.65683e-05 1.50192e-07 9.22782e-03 8.40961e-05
2.29166e+00 -2.68177e-05 1.51616e-07 9.31526e-03 8.48858e-05
2.31771e+00 -2.70386e-05 1.52883e-07 9.39313e-03 8.55846e-05
2.34375e+00 -2.72305e-05 1.53989e-07 9.46107e-03 8.61917e-05
2.36979e+00 -2.73928e-05 1.54925e-07 9.51860e-03 8.67065e-05
2.39583e+00 -2.75261e-05 1.55691e-07 9.56567e-03 8.71285e-05
2.42187e+00 -2.76303e-05 1.56296e-07 9.60282e-03 8.74572e-05
2.44792e+00 -2.77044e-05 1.56733e-07 9.62968e-03 8.76922e-05
2.47396e+00 -2.77488e-05 1.57000e-07 9.64605e-03 8.78333e-05
2.50000e+00 -2.77639e-05 1.57100e-07 9.65221e-03 8.78804e-05
