0.00000e+00 3.06827e-05 -8.85161e-08 -1.74030e-01 -9.69865e-05
2.60412e-02 3.06658e-05 -8.83370e-08 -1.73678e-01 -9.69345e-05
5.20824e-02 3.06166e-05 -8.80133e-08 -1.73041e-01 -9.67788e-05
7.81236e-02 3.05346e-05 -8.75542e-08 -1.72139e-01 -9.65195e-05
1.04165e-01 3.04192e-05 -8.70002e-08 -1.71049e-01 -9.61568e-05
1.30206e-01 3.02718e-05 -8.63363e-08 -1.69744e-01 -9.56911e-05
1.56247e-01 3.00924e-05 -8.55795e-08 -1.68256e-01 -9.51230e-05
1.82288e-01 2.98803e-05 -8.47276e-08 -1.66581e-01 -9.44530e-05
2.08330e-01 2.96361e-05 -8.37893e-08 -1.64736e-01 -9.36818e-05
2.34371e-01 2.93604e-05 -8.27653e-08 -1.62723e-01 -9.28104e-05
2.60412e-01 2.90532e-05 -8.16582e-08 -1.60547e-01 -9.18396e-05
2.86453e-01 2.87150e-05 -8.04671e-08 -1.58205e-01 -9.07704e-05
3.12494e-01 2.83459e-05 -7.91969e-08 -1.55707e-01 -8.96041e-05
3.38536e-01 2.79466e-05 -7.78548e-08 -1.53069e-01 -8.83418e-05
3.64577e-01 2.75173e-05 -7.64385e-08 -1.50284e-01 -8.69849e-05
3.90618e-01 2.70585e-05 -7.49550e-08 -1.47367e-01 -8.55348e-05
4.16659e-01 2.65708e-05 -7.33988e-08 -1.44308e-01 -8.39932e-05
4.42701e-01 2.60546e-05 -7.18262e-08 -1.41216e-01 -8.23616e-05
4.68742e-01 2.55105e-05 -7.01836e-08 -1.37987e-01 -8.06418e-05
4.94783e-01 2.49392e-05 -6.84780e-08 -1.34633e-01 -7.88357e-05
5.20824e-01 2.43411e-05 -6.67073e-08 -1.31152e-01 -7.69452e-05
5.46866e-01 2.37169e-05 -6.48777e-08 -1.27555e-01 -7.49723e-05
5.72907e-01 2.30674e-05 -6.29856e-08 -1.23835e-01 -7.29191e-05
5.98948e-01 2.23931e-05 -6.10296e-08 -1.19989e-01 -7.07878e-05
6.24990e-01 2.16949e-05 -5.90142e-08 -1.16027e-01 -6.85807e-05
6.51031e-01 2.09734e-05 -5.69409e-08 -1.11950e-01 -6.63002e-05
6.77072e-01 2.02295e-05 -5.48120e-08 -1.07765e-01 -6.39486e-05
7.03114e-01 1.94639e-05 -5.26278e-08 -1.03471e-01 -6.15286e-05
7.29155e-01 1.86774e-05 -5.03924e-08 -9.90755e-02 -5.90427e-05
7.55196e-01 1.78710e-05 -4.81109e-08 -9.45898e-02 -5.64936e-05
7.81238e-01 1.70454e-05 -4.57830e-08 -9.00130e-02 -5.38840e-05
8.07279e-01 1.62015e-05 -4.34135e-08 -8.53545e-02 -5.12167e-05
8.33321e-01 1.53403e-05 -4.10022e-08 -8.06136e-02 -4.84946e-05
8.59362e-01 1.44627e-05 -3.85677e-08 -7.58272e-02 -4.57205e-05
8.85403e-01 1.35696e-05 -3.60957e-08 -7.09671e-02 -4.28975e-05
9.11445e-01 1.26620e-05 -3.35909e-08 -6.60423e-02 -4.00285e-05
9.37486e-01 1.17408e-05 -3.10535e-08 -6.10537e-02 -3.71167e-05
9.63528e-01 1.08070e-05 -2.84885e-08 -5.60107e-02 -3.41651e-05
9.89569e-01 9.86166e-06 -2.58956e-08 -5.09128e-02 -3.11769e-05
1.01561e+00 8.90574e-06 -2.32766e-08 -4.57638e-02 -2.81553e-05
1.04165e+00 7.94029e-06 -2.06348e-08 -4.05697e-02 -2.51036e-05
1.06769e+00 6.96632e-06 -1.79729e-08 -3.53362e-02 -2.20250e-05
1.09374e+00 5.98489e-06 -1.52933e-08 -3.00679e-02 -1.89229e-05
1.11978e+00 4.99705e-06 -1.25979e-08 -2.47685e-02 -1.58004e-05
1.14582e+00 4.00385e-06 -9.89037e-09 -1.94453e-02 -1.26610e-05
1.17186e+00 3.00636e-06 -7.17489e-09 -1.41064e-02 -9.50813e-06
1.19790e+00 2.00566e-06 -4.45298e-09 -8.75491e-03 -6.34502e-06
1.22394e+00 1.00280e-06 -1.72861e-09 -3.39859e-03 -3.17511e-06
1.24999e+00 -1.12960e-09 9.97730e-10 1.96162e-03 -1.80773e-09
1.27603e+00 -1.00503e-06 3.71059e-09 7.29532e-03 3.17150e-06
1.30207e+00 -2.00785e-06 6.41990e-09 1.26220e-02 6.34142e-06
1.32811e+00 -3.00853e-06 9.12058e-09 1.79318e-02 9.50454e-06
1.35415e+00 -4.00598e-06 1.18111e-08 2.32215e-02 1.26575e-05
1.38019e+00 -4.99915e-06 1.44861e-08 2.84808e-02 1.57969e-05
1.40624e+00 -5.98696e-06 1.71454e-08 3.37093e-02 1.89194e-05
1.43228e+00 -6.96837e-06 1.97861e-08 3.89011e-02 2.20216e-05
1.45832e+00 -7.94232e-06 2.24058e-08 4.40515e-02 2.51003e-05
1.48436e+00 -8.90776e-06 2.49999e-08 4.91517e-02 2.81520e-05
1.51040e+00 -9.86367e-06 2.75678e-08 5.42006e-02 3.11737e-05
1.53644e+00 -1.08090e-05 3.01059e-08 5.91905e-02 3.41619e-05
1.56249e+00 -1.17428e-05 3.26125e-08 6.41188e-02 3.71136e-05
1.58853e+00 -1.26640e-05 3.50864e-08 6.89826e-02 4.00255e-05
1.61457e+00 -1.35716e-05 3.75242e-08 7.37755e-02 4.28946e-05
1.64061e+00 -1.44648e-05 3.99248e-08 7.84953e-02 4.57177e-05
1.66665e+00 -1.53424e-05 4.22831e-08 8.31320e-02 4.84919e-05
1.69270e+00 -1.62036e-05 4.46199e-08 8.77262e-02 5.12141e-05
1.71874e+00 -1.70474e-05 4.69097e-08 9.22282e-02 5.38815e-05
1.74478e+00 -1.78730e-05 4.91516e-08 9.66359e-02 5.64913e-05
1.77082e+00 -1.86795e-05 5.13431e-08 1.00945e-01 5.90405e-05
1.79686e+00 -1.94659e-05 5.34828e-08 1.05151e-01 6.15265e-05
1.82291e+00 -2.02315e-05 5.55677e-08 1.09251e-01 6.39466e-05
1.84895e+00 -2.09755e-05 5.75938e-08 1.13234e-01 6.62982e-05
1.87499e+00 -2.16970e-05 5.95610e-08 1.17102e-01 6.85789e-05
1.90103e+00 -2.23952e-05 6.14665e-08 1.20848e-01 7.07861e-05
1.92707e+00 -2.30695e-05 6.33095e-08 1.24472e-01 7.29175e-05
1.95312e+00 -2.37190e-05 6.50854e-08 1.27963e-01 7.49708e-05
1.97916e+00 -2.43432e-05 6.67959e-08 1.31326e-01 7.69439e-05
2.00520e+00 -2.49413e-05 6.84369e-08 1.34552e-01 7.88345e-05
2.03124e+00 -2.55127e-05 7.00094e-08 1.37644e-01 8.06407e-05
2.05728e+00 -2.60568e-05 7.15083e-08 1.40591e-01 8.23606e-05
2.08333e+00 -2.65729e-05 7.29350e-08 1.43396e-01 8.39923e-05
2.10937e+00 -2.70606e-05 7.42858e-08 1.46052e-01 8.55340e-05
2.13541e+00 -2.75193e-05 7.55615e-08 1.48560e-01 8.69842e-05
2.16145e+00 -2.79485e-05 7.67568e-08 1.50910e-01 8.83411e-05
2.18749e+00 -2.83477e-05 7.78751e-08 1.53109e-01 8.96035e-05
2.21354e+00 -2.87167e-05 7.89108e-08 1.55145e-01 9.07700e-05
2.23958e+00 -2.90548e-05 7.98669e-08 1.57025e-01 9.18392e-05
2.26562e+00 -2.93619e-05 8.07382e-08 1.58738e-01 9.28101e-05
2.29166e+00 -2.96375e-05 8.15269e-08 1.60288e-01 9.36816e-05
2.31770e+00 -2.98815e-05 8.22338e-08 1.61678e-01 9.44528e-05
2.34375e+00 -3.00936e-05 8.28570e-08 1.62903e-01 9.51228e-05
2.36979e+00 -3.02730e-05 8.33878e-08 1.63947e-01 9.56910e-05
2.39583e+00 -3.04202e-05 8.38338e-08 1.64824e-01 9.61567e-05
2.42187e+00 -3.05353e-05 8.41840e-08 1.65512e-01 9.65194e-05
2.44792e+00 -3.06172e-05 8.44525e-08 1.66040e-01 9.67788e-05
2.47396e+00 -3.06664e-05 8.46088e-08 1.66348e-01 9.69345e-05
2.50000e+00 -3.06832e-05 8.46541e-08 1.66437e-01 9.69865e-05
