0.00000e+00 -3.06574e-05 -8.47866e-08 -4.16743e-02 9.67268e-05
2.60422e-02 -3.06409e-05 -8.47322e-08 -4.16476e-02 9.66750e-05
5.20843e-02 -3.05921e-05 -8.45906e-08 -4.15780e-02 9.65196e-05
7.81264e-02 -3.05104e-05 -8.43588e-08 -4.14641e-02 9.62610e-05
1.04169e-01 -3.03955e-05 -8.40366e-08 -4.13057e-02 9.58992e-05
1.30211e-01 -3.02484e-05 -8.36300e-08 -4.11058e-02 9.54348e-05
1.56253e-01 -3.00693e-05 -8.31306e-08 -4.08603e-02 9.48681e-05
1.82295e-01 -2.98574e-05 -8.25431e-08 -4.05716e-02 9.41999e-05
2.08337e-01 -2.96134e-05 -8.18687e-08 -4.02401e-02 9.34307e-05
2.34379e-01 -2.93380e-05 -8.11076e-08 -3.98660e-02 9.25616e-05
2.60421e-01 -2.90312e-05 -8.02596e-08 -3.94492e-02 9.15933e-05
2.86464e-01 -2.86933e-05 -7.93261e-08 -3.89904e-02 9.05269e-05
3.12506e-01 -2.83246e-05 -7.83077e-08 -3.84898e-02 8.93636e-05
3.38548e-01 -2.79255e-05 -7.72061e-08 -3.79483e-02 8.81046e-05
3.64590e-01 -2.74966e-05 -7.60219e-08 -3.73663e-02 8.67512e-05
3.90632e-01 -2.70382e-05 -7.47565e-08 -3.67443e-02 8.53050e-05
4.16674e-01 -2.65508e-05 -7.34111e-08 -3.60830e-02 8.37674e-05
4.42716e-01 -2.60350e-05 -7.19872e-08 -3.53831e-02 8.21401e-05
4.68758e-01 -2.54914e-05 -7.04862e-08 -3.46454e-02 8.04248e-05
4.94800e-01 -2.49204e-05 -6.89098e-08 -3.38705e-02 7.86234e-05
5.20842e-01 -2.43227e-05 -6.72597e-08 -3.30595e-02 7.67378e-05
5.46884e-01 -2.36990e-05 -6.55377e-08 -3.22131e-02 7.47701e-05
5.72926e-01 -2.30499e-05 -6.37455e-08 -3.13322e-02 7.27222e-05
5.98968e-01 -2.23761e-05 -6.18852e-08 -3.04178e-02 7.05965e-05
6.25010e-01 -2.16783e-05 -5.99585e-08 -2.94708e-02 6.83952e-05
6.51052e-01 -2.09574e-05 -5.79676e-08 -2.84922e-02 6.61207e-05
6.77094e-01 -2.02139e-05 -5.59146e-08 -2.74832e-02 6.37754e-05
7.03136e-01 -1.94489e-05 -5.38018e-08 -2.64446e-02 6.13617e-05
7.29178e-01 -1.86630e-05 -5.16313e-08 -2.53778e-02 5.88824e-05
7.55220e-01 -1.78571e-05 -4.94054e-08 -2.42837e-02 5.63400e-05
7.81262e-01 -1.70321e-05 -4.71266e-08 -2.31637e-02 5.37373e-05
8.07304e-01 -1.61888e-05 -4.47973e-08 -2.20188e-02 5.10770e-05
8.33346e-01 -1.53282e-05 -4.24199e-08 -2.08502e-02 4.83620e-05
8.59388e-01 -1.44512e-05 -3.99969e-08 -1.96593e-02 4.55953e-05
8.85430e-01 -1.35588e-05 -3.75310e-08 -1.84472e-02 4.27797e-05
9.11472e-01 -1.26518e-05 -3.50249e-08 -1.72154e-02 3.99183e-05
9.37514e-01 -1.17312e-05 -3.24812e-08 -1.59652e-02 3.70142e-05
9.63555e-01 -1.07981e-05 -2.99027e-08 -1.46978e-02 3.40704e-05
9.89597e-01 -9.85340e-06 -2.72921e-08 -1.34146e-02 3.10902e-05
1.01564e+00 -8.89817e-06 -2.46523e-08 -1.21171e-02 2.80767e-05
1.04168e+00 -7.93341e-06 -2.19860e-08 -1.08066e-02 2.50331e-05
1.06772e+00 -6.96015e-06 -1.92961e-08 -9.48444e-03 2.19627e-05
1.09376e+00 -5.97944e-06 -1.65856e-08 -8.15215e-03 1.88687e-05
1.11981e+00 -4.99231e-06 -1.38572e-08 -6.81111e-03 1.57546e-05
1.14585e+00 -3.99985e-06 -1.11140e-08 -5.46277e-03 1.26236e-05
1.17189e+00 -3.00310e-06 -8.35879e-09 -4.10851e-03 9.47911e-06
1.19793e+00 -2.00313e-06 -5.59459e-09 -2.74985e-03 6.32445e-06
1.22397e+00 -1.00102e-06 -2.82429e-09 -1.38820e-03 3.16302e-06
1.25001e+00 2.16449e-09 -5.10240e-11 -2.50793e-05 -1.79130e-09
1.27606e+00 1.00534e-06 2.72264e-09 1.33823e-03 -3.16660e-06
1.30210e+00 2.00744e-06 5.49333e-09 2.70008e-03 -6.32802e-06
1.32814e+00 3.00739e-06 8.25824e-09 4.05909e-03 -9.48265e-06
1.35418e+00 4.00412e-06 1.10143e-08 5.41374e-03 -1.26271e-05
1.38022e+00 4.99657e-06 1.37587e-08 6.76267e-03 -1.57581e-05
1.40626e+00 5.98366e-06 1.64883e-08 8.10435e-03 -1.88722e-05
1.43231e+00 6.96434e-06 1.92004e-08 9.43739e-03 -2.19660e-05
1.45835e+00 7.93758e-06 2.18920e-08 1.07603e-02 -2.50364e-05
1.48439e+00 8.90231e-06 2.45603e-08 1.20719e-02 -2.80799e-05
1.51043e+00 9.85750e-06 2.72024e-08 1.33705e-02 -3.10934e-05
1.53647e+00 1.08021e-05 2.98154e-08 1.46549e-02 -3.40736e-05
1.56251e+00 1.17352e-05 3.23966e-08 1.59236e-02 -3.70173e-05
1.58856e+00 1.26557e-05 3.49435e-08 1.71754e-02 -3.99213e-05
1.61460e+00 1.35627e-05 3.74529e-08 1.84089e-02 -4.27826e-05
1.64064e+00 1.44551e-05 3.99225e-08 1.96227e-02 -4.55981e-05
1.66668e+00 1.53321e-05 4.23495e-08 2.08156e-02 -4.83647e-05
1.69272e+00 1.61926e-05 4.47311e-08 2.19862e-02 -5.10796e-05
1.71876e+00 1.70358e-05 4.70650e-08 2.31334e-02 -5.37397e-05
1.74480e+00 1.78608e-05 4.93487e-08 2.42559e-02 -5.63424e-05
1.77085e+00 1.86666e-05 5.15797e-08 2.53524e-02 -5.88846e-05
1.79689e+00 1.94524e-05 5.37556e-08 2.64220e-02 -6.13639e-05
1.82293e+00 2.02174e-05 5.58741e-08 2.74632e-02 -6.37774e-05
1.84897e+00 2.09608e-05 5.79329e-08 2.84752e-02 -6.61226e-05
1.87501e+00 2.16817e-05 5.99298e-08 2.94567e-02 -6.83970e-05
1.90105e+00 2.23794e-05 6.18630e-08 3.04069e-02 -7.05982e-05
1.92709e+00 2.30531e-05 6.37300e-08 3.13246e-02 -7.27238e-05
1.95313e+00 2.37021e-05 6.55292e-08 3.22089e-02 -7.47715e-05
1.97918e+00 2.43258e-05 6.72583e-08 3.30588e-02 -7.67392e-05
2.00522e+00 2.49234e-05 6.89163e-08 3.38737e-02 -7.86246e-05
2.03126e+00 2.54943e-05 7.05007e-08 3.46525e-02 -8.04259e-05
2.05730e+00 2.60379e-05 7.20104e-08 3.53946e-02 -8.21411e-05
2.08334e+00 2.65536e-05 7.34433e-08 3.60989e-02 -8.37683e-05
2.10938e+00 2.70408e-05 7.48000e-08 3.67657e-02 -8.53058e-05
2.13542e+00 2.74990e-05 7.60767e-08 3.73932e-02 -8.67519e-05
2.16146e+00 2.79278e-05 7.72729e-08 3.79812e-02 -8.81052e-05
2.18751e+00 2.83267e-05 7.83866e-08 3.85286e-02 -8.93641e-05
2.21355e+00 2.86952e-05 7.94180e-08 3.90355e-02 -9.05274e-05
2.23959e+00 2.90330e-05 8.03645e-08 3.95007e-02 -9.15937e-05
2.26563e+00 2.93397e-05 8.12261e-08 3.99243e-02 -9.25619e-05
2.29167e+00 2.96149e-05 8.20009e-08 4.03051e-02 -9.34310e-05
2.31771e+00 2.98586e-05 8.26904e-08 4.06440e-02 -9.42000e-05
2.34375e+00 3.00703e-05 8.32926e-08 4.09400e-02 -9.48682e-05
2.36979e+00 3.02493e-05 8.38072e-08 4.11929e-02 -9.54349e-05
2.39584e+00 3.03961e-05 8.42293e-08 4.14004e-02 -9.58993e-05
2.42188e+00 3.05107e-05 8.45654e-08 4.15656e-02 -9.62610e-05
2.44792e+00 3.05922e-05 8.48106e-08 4.16861e-02 -9.65197e-05
2.47396e+00 3.06410e-05 8.49628e-08 4.17609e-02 -9.66750e-05
2.50000e+00 3.06573e-05 8.50252e-08 4.17916e-02 -9.67268e-05
