0.00000e+00 -3.00964e-05 -1.04512e-07 -2.05479e-01 9.49425e-05
2.60421e-02 -3.00803e-05 -1.04448e-07 -2.05354e-01 9.48917e-05
5.20843e-02 -3.00323e-05 -1.04280e-07 -2.05023e-01 9.47392e-05
7.81264e-02 -2.99522e-05 -1.04002e-07 -2.04475e-01 9.44853e-05
1.04169e-01 -2.98394e-05 -1.03611e-07 -2.03708e-01 9.41302e-05
1.30211e-01 -2.96950e-05 -1.03118e-07 -2.02737e-01 9.36744e-05
1.56253e-01 -2.95192e-05 -1.02509e-07 -2.01541e-01 9.31182e-05
1.82295e-01 -2.93111e-05 -1.01792e-07 -2.00131e-01 9.24622e-05
2.08337e-01 -2.90717e-05 -1.00967e-07 -1.98510e-01 9.17073e-05
2.34379e-01 -2.88013e-05 -1.00036e-07 -1.96679e-01 9.08542e-05
2.60421e-01 -2.85001e-05 -9.89979e-08 -1.94638e-01 8.99038e-05
2.86463e-01 -2.81683e-05 -9.78544e-08 -1.92389e-01 8.88571e-05
3.12506e-01 -2.78064e-05 -9.66062e-08 -1.89936e-01 8.77152e-05
3.38548e-01 -2.74146e-05 -9.52554e-08 -1.87280e-01 8.64794e-05
3.64590e-01 -2.69935e-05 -9.38028e-08 -1.84424e-01 8.51510e-05
3.90632e-01 -2.65435e-05 -9.22500e-08 -1.81371e-01 8.37314e-05
4.16674e-01 -2.60651e-05 -9.05993e-08 -1.78125e-01 8.22222e-05
4.42716e-01 -2.55587e-05 -8.88507e-08 -1.74688e-01 8.06249e-05
4.68758e-01 -2.50250e-05 -8.70078e-08 -1.71064e-01 7.89413e-05
4.94800e-01 -2.44644e-05 -8.50716e-08 -1.67258e-01 7.71731e-05
5.20842e-01 -2.38777e-05 -8.30448e-08 -1.63273e-01 7.53223e-05
5.46884e-01 -2.32654e-05 -8.09292e-08 -1.59113e-01 7.33909e-05
5.72926e-01 -2.26281e-05 -7.87272e-08 -1.54784e-01 7.13808e-05
5.98968e-01 -2.19667e-05 -7.64409e-08 -1.50289e-01 6.92943e-05
6.25010e-01 -2.12817e-05 -7.40729e-08 -1.45633e-01 6.71336e-05
6.51052e-01 -2.05739e-05 -7.16255e-08 -1.40822e-01 6.49011e-05
6.77094e-01 -1.98440e-05 -6.91015e-08 -1.35859e-01 6.25990e-05
7.03136e-01 -1.90930e-05 -6.65034e-08 -1.30751e-01 6.02299e-05
7.29178e-01 -1.83214e-05 -6.38340e-08 -1.25503e-01 5.77963e-05
7.55220e-01 -1.75303e-05 -6.10960e-08 -1.20120e-01 5.53008e-05
7.81262e-01 -1.67204e-05 -5.82924e-08 -1.14607e-01 5.27460e-05
8.07304e-01 -1.58926e-05 -5.54259e-08 -1.08972e-01 5.01348e-05
8.33346e-01 -1.50477e-05 -5.24997e-08 -1.03219e-01 4.74700e-05
8.59388e-01 -1.41868e-05 -4.95166e-08 -9.73536e-02 4.47543e-05
8.85430e-01 -1.33106e-05 -4.64800e-08 -9.13833e-02 4.19906e-05
9.11472e-01 -1.24202e-05 -4.33932e-08 -8.53144e-02 3.91820e-05
9.37513e-01 -1.15165e-05 -4.02595e-08 -7.91534e-02 3.63315e-05
9.63555e-01 -1.06004e-05 -3.70824e-08 -7.29070e-02 3.34420e-05
9.89597e-01 -9.67302e-06 -3.38653e-08 -6.65819e-02 3.05167e-05
1.01564e+00 -8.73526e-06 -3.06117e-08 -6.01850e-02 2.75588e-05
1.04168e+00 -7.78815e-06 -2.73250e-08 -5.37231e-02 2.45713e-05
1.06772e+00 -6.83269e-06 -2.40088e-08 -4.72033e-02 2.15576e-05
1.09376e+00 -5.86991e-06 -2.06668e-08 -4.06325e-02 1.85207e-05
1.11981e+00 -4.90085e-06 -1.73023e-08 -3.40177e-02 1.54640e-05
1.14585e+00 -3.92653e-06 -1.39192e-08 -2.73662e-02 1.23908e-05
1.17189e+00 -2.94802e-06 -1.05209e-08 -2.06848e-02 9.30429e-06
1.19793e+00 -1.96634e-06 -7.11117e-09 -1.39811e-02 6.20782e-06
1.22397e+00 -9.82562e-07 -3.69359e-09 -7.26189e-03 3.10471e-06
1.25001e+00 2.27257e-09 -2.72194e-10 -5.35154e-04 -1.72481e-09
1.27606e+00 9.87093e-07 3.14974e-09 6.19263e-03 -3.10816e-06
1.30210e+00 1.97086e-06 6.56819e-09 1.29136e-02 -6.21126e-06
1.32814e+00 2.95252e-06 9.97991e-09 1.96213e-02 -9.30770e-06
1.35418e+00 3.93101e-06 1.33810e-08 2.63082e-02 -1.23942e-05
1.38022e+00 4.90530e-06 1.67682e-08 3.29677e-02 -1.54674e-05
1.40626e+00 5.87433e-06 2.01376e-08 3.95922e-02 -1.85240e-05
1.43231e+00 6.83707e-06 2.34859e-08 4.61752e-02 -2.15608e-05
1.45835e+00 7.79250e-06 2.68094e-08 5.27094e-02 -2.45745e-05
1.48439e+00 8.73958e-06 3.01049e-08 5.91887e-02 -2.75619e-05
1.51043e+00 9.67730e-06 3.33686e-08 6.56054e-02 -3.05198e-05
1.53647e+00 1.06047e-05 3.65974e-08 7.19533e-02 -3.34450e-05
1.56251e+00 1.15207e-05 3.97876e-08 7.82255e-02 -3.63344e-05
1.58855e+00 1.24243e-05 4.29365e-08 8.44166e-02 -3.91849e-05
1.61460e+00 1.33147e-05 4.60404e-08 9.05192e-02 -4.19934e-05
1.64064e+00 1.41908e-05 4.90960e-08 9.65267e-02 -4.47569e-05
1.66668e+00 1.50517e-05 5.21007e-08 1.02434e-01 -4.74726e-05
1.69272e+00 1.58965e-05 5.50504e-08 1.08234e-01 -5.01373e-05
1.71876e+00 1.67243e-05 5.79428e-08 1.13920e-01 -5.27484e-05
1.74480e+00 1.75341e-05 6.07742e-08 1.19487e-01 -5.53030e-05
1.77084e+00 1.83252e-05 6.35416e-08 1.24928e-01 -5.77984e-05
1.79689e+00 1.90966e-05 6.62422e-08 1.30238e-01 -6.02319e-05
1.82293e+00 1.98476e-05 6.88729e-08 1.35410e-01 -6.26009e-05
1.84897e+00 2.05774e-05 7.14310e-08 1.40439e-01 -6.49029e-05
1.87501e+00 2.12851e-05 7.39136e-08 1.45320e-01 -6.71354e-05
1.90105e+00 2.19700e-05 7.63189e-08 1.50049e-01 -6.92959e-05
1.92709e+00 2.26314e-05 7.86435e-08 1.54619e-01 -7.13823e-05
1.95313e+00 2.32685e-05 8.08857e-08 1.59028e-01 -7.33923e-05
1.97918e+00 2.38808e-05 8.30425e-08 1.63268e-01 -7.53236e-05
2.00522e+00 2.44674e-05 8.51135e-08 1.67340e-01 -7.71743e-05
2.03126e+00 2.50279e-05 8.70950e-08 1.71236e-01 -7.89424e-05
2.05730e+00 2.55615e-05 8.89865e-08 1.74955e-01 -8.06259e-05
2.08334e+00 2.60678e-05 9.07849e-08 1.78490e-01 -8.22231e-05
2.10938e+00 2.65461e-05 9.24926e-08 1.81848e-01 -8.37322e-05
2.13542e+00 2.69959e-05 9.41033e-08 1.85015e-01 -8.51517e-05
2.16146e+00 2.74168e-05 9.56160e-08 1.87989e-01 -8.64800e-05
2.18751e+00 2.78083e-05 9.70277e-08 1.90764e-01 -8.77157e-05
2.21355e+00 2.81701e-05 9.83388e-08 1.93342e-01 -8.88575e-05
2.23959e+00 2.85016e-05 9.95456e-08 1.95715e-01 -8.99041e-05
2.26563e+00 2.88026e-05 1.00648e-07 1.97881e-01 -9.08545e-05
2.29167e+00 2.90728e-05 1.01642e-07 1.99837e-01 -9.17075e-05
2.31771e+00 2.93120e-05 1.02532e-07 2.01586e-01 -9.24624e-05
2.34375e+00 2.95198e-05 1.03313e-07 2.03121e-01 -9.31183e-05
2.36979e+00 2.96954e-05 1.03983e-07 2.04439e-01 -9.36745e-05
2.39584e+00 2.98395e-05 1.04536e-07 2.05526e-01 -9.41303e-05
2.42188e+00 2.99519e-05 1.04980e-07 2.06399e-01 -9.44854e-05
2.44792e+00 3.00318e-05 1.05307e-07 2.07042e-01 -9.47392e-05
2.47396e+00 3.00795e-05 1.05510e-07 2.07442e-01 -9.48917e-05
2.50000e+00 3.00954e-05 1.05595e-07 2.07608e-01 -9.49425e-05
